{
  "molecule": "h2",
  "basis": "CC-PVDZ",
  "cartesian": false,
  "nbf": 10,
  "nao_cart": 10,
  "natom": 2,
  "nalpha": 1,
  "nbeta": 1,
  "nelectron": 2,
  "ndocc": 1,
  "atoms": [
    {
      "symbol": "H",
      "Z": 1,
      "xyz_bohr": [
        0.0,
        0.0,
        0.0
      ]
    },
    {
      "symbol": "H",
      "Z": 1,
      "xyz_bohr": [
        0.0,
        0.0,
        1.3983973328387929
      ]
    }
  ],
  "energies": {
    "E_scf": -1.1287000935605145,
    "E_scf_reconstructed": -1.1287000935605167,
    "E_nuclear_repulsion": 0.7151043387432432,
    "E_kinetic": 1.0971814991426145,
    "E_nuclear_electron": -3.599968391524264,
    "E_coulomb_J": 1.3179649201557802,
    "E_exchange_K": -0.6589824600778902,
    "E_one_electron": -2.50278689238165,
    "E_two_electron": 0.65898246007789
  },
  "orbital_energies_hartree": [
    -0.5924109861126738,
    0.1974400555573987,
    0.4793210496657015,
    0.9373236850999372,
    1.2929037086054114,
    1.292903708605413,
    1.9570225993208021,
    2.0435200475070165,
    2.043520047507019,
    3.610474173191532
  ],
  "occupations": [
    2.0,
    0.0,
    0.0,
    0.0,
    0.0,
    0.0,
    0.0,
    0.0,
    0.0,
    0.0
  ],
  "dipole_au": [
    -3.768047663618409e-18,
    -7.969430595574786e-26,
    -6.661338147750939e-16
  ],
  "overlap_S": {
    "shape": [
      10,
      10
    ],
    "rowmajor": [
      1.0000000000000002,
      0.6848602514927512,
      0.0,
      0.0,
      0.0,
      0.5707152065391379,
      0.5655256317086746,
      -0.5375849777686249,
      0.0,
      0.0,
      0.6848602514927512,
      1.0000000000000002,
      0.0,
      0.0,
      0.0,
      0.5655256317086746,
      0.8875535502615917,
      -0.16415795077390563,
      0.0,
      0.0,
      0.0,
      0.0,
      1.0,
      0.0,
      0.0,
      0.5375849777686248,
      0.1641579507739054,
      -0.2071344967925473,
      0.0,
      0.0,
      0.0,
      0.0,
      0.0,
      1.0000000000000004,
      0.0,
      0.0,
      0.0,
      0.0,
      0.4912364302758382,
      0.0,
      0.0,
      0.0,
      0.0,
      0.0,
      1.0000000000000004,
      0.0,
      0.0,
      0.0,
      0.0,
      0.4912364302758382,
      0.5707152065391379,
      0.5655256317086746,
      0.5375849777686248,
      0.0,
      0.0,
      1.0000000000000002,
      0.6848602514927512,
      -3.8004204720885244e-18,
      0.0,
      0.0,
      0.5655256317086746,
      0.8875535502615917,
      0.1641579507739054,
      0.0,
      0.0,
      0.6848602514927512,
      1.0000000000000002,
      0.0,
      0.0,
      0.0,
      -0.5375849777686249,
      -0.16415795077390563,
      -0.2071344967925473,
      0.0,
      0.0,
      -3.8004204720885244e-18,
      0.0,
      1.0,
      0.0,
      0.0,
      0.0,
      0.0,
      0.0,
      0.4912364302758382,
      0.0,
      0.0,
      0.0,
      0.0,
      1.0000000000000004,
      0.0,
      0.0,
      0.0,
      0.0,
      0.0,
      0.4912364302758382,
      0.0,
      0.0,
      0.0,
      0.0,
      1.0000000000000004
    ]
  },
  "mo_coeff_C_ao_by_mo": {
    "shape": [
      10,
      10
    ],
    "rowmajor": [
      0.40366476465390794,
      0.15024403262067643,
      0.7001076773551685,
      0.7606742448623056,
      8.14752840157322e-17,
      1.1259138174854813e-15,
      0.44372807173565687,
      1.0072372043238361e-25,
      -9.122292010253801e-16,
      2.6861799625104656,
      0.1737628697122038,
      1.9586562436150943,
      -0.726372801976925,
      -1.6173427986971824,
      -2.9728969173794257e-16,
      -4.108271307497593e-15,
      -0.22106467258870544,
      -8.903937535898254e-26,
      -1.562318309597642e-15,
      0.05058433622031468,
      0.02249745361594217,
      0.014253540917318206,
      0.011266302579621018,
      -0.4102182098690142,
      -6.456671702625417e-17,
      -8.922529045084605e-16,
      -0.7269013337606771,
      -2.6230515367808765e-25,
      -8.354480254183113e-16,
      2.0267534650442185,
      -3.295339515234833e-17,
      1.6981900325296534e-16,
      -7.401522452327357e-17,
      -7.988781916678596e-16,
      0.041792500706048896,
      0.5775340897483789,
      4.640519372781114e-17,
      3.109388062521695e-15,
      0.9913499733028162,
      7.870145429715981e-16,
      5.000337639987939e-26,
      5.383700881985691e-27,
      1.4158882420753436e-26,
      -3.065290284648729e-26,
      0.5775340897483774,
      -0.04179250070604885,
      -2.9720969933076164e-25,
      0.9913499733028175,
      -3.1719704461152956e-15,
      -2.8146493799240377e-26,
      0.40366476465390744,
      -0.15024403262067806,
      0.7001076773551674,
      -0.760674244862304,
      -5.348892987369233e-17,
      -7.391680299916117e-16,
      0.44372807173566564,
      1.0181821099984314e-25,
      1.0144975571855207e-15,
      -2.6861799625104585,
      0.17376286971220295,
      -1.9586562436150925,
      -0.72637280197693,
      1.6173427986971805,
      2.773493795455754e-16,
      3.832714452484298e-15,
      -0.2210646725887118,
      -3.657934203767648e-26,
      1.2337681773638914e-15,
      -0.0505843362203197,
      -0.022497453615941628,
      0.014253540917318062,
      -0.011266302579619632,
      -0.4102182098690132,
      -3.081113450567268e-17,
      -4.2578166494010316e-16,
      0.7269013337606709,
      1.7853534767217885e-25,
      -1.3633558886876582e-15,
      2.0267534650442243,
      3.454986019958488e-17,
      1.0050670388355152e-17,
      6.775326915890664e-17,
      -4.457482240293016e-16,
      0.04179250070604914,
      0.5775340897483767,
      -7.169375545225383e-16,
      -3.271465413863564e-15,
      -0.9913499733028172,
      -7.155743865320099e-16,
      -1.6238099184688732e-26,
      1.6870029262680285e-26,
      1.0520748490837122e-27,
      4.688718950315106e-26,
      0.5775340897483784,
      -0.04179250070604919,
      2.858542236544073e-25,
      -0.9913499733028168,
      3.296075385927498e-15,
      -2.3607850736167447e-27
    ]
  },
  "mo_coeff_molden": {
    "shape": [
      10,
      10
    ],
    "rowmajor": [
      0.40366476465,
      0.17376286971,
      -3.2953395152e-17,
      5.00033764e-26,
      0.022497453616,
      0.40366476465,
      0.17376286971,
      3.45498602e-17,
      -1.6238099185e-26,
      -0.022497453616,
      0.15024403262,
      1.9586562436,
      1.6981900325e-16,
      5.383700882e-27,
      0.014253540917,
      -0.15024403262,
      -1.9586562436,
      1.0050670388e-17,
      1.6870029263e-26,
      0.014253540917,
      0.70010767736,
      -0.72637280198,
      -7.4015224523e-17,
      1.4158882421e-26,
      0.01126630258,
      0.70010767736,
      -0.72637280198,
      6.7753269159e-17,
      1.0520748491e-27,
      -0.01126630258,
      0.76067424486,
      -1.6173427987,
      -7.9887819167e-16,
      -3.0652902846e-26,
      -0.41021820987,
      -0.76067424486,
      1.6173427987,
      -4.4574822403e-16,
      4.6887189503e-26,
      -0.41021820987,
      8.1475284016e-17,
      -2.9728969174e-16,
      0.041792500706,
      0.57753408975,
      -6.4566717026e-17,
      -5.3488929874e-17,
      2.7734937955e-16,
      0.041792500706,
      0.57753408975,
      -3.0811134506e-17,
      1.1259138175e-15,
      -4.1082713075e-15,
      0.57753408975,
      -0.041792500706,
      -8.9225290451e-16,
      -7.3916802999e-16,
      3.8327144525e-15,
      0.57753408975,
      -0.041792500706,
      -4.2578166494e-16,
      0.44372807174,
      -0.22106467259,
      4.6405193728e-17,
      -2.9720969933e-25,
      -0.72690133376,
      0.44372807174,
      -0.22106467259,
      -7.1693755452e-16,
      2.8585422365e-25,
      0.72690133376,
      1.0072372043e-25,
      -8.9039375359e-26,
      3.1093880625e-15,
      0.9913499733,
      -2.6230515368e-25,
      1.01818211e-25,
      -3.6579342038e-26,
      -3.2714654139e-15,
      -0.9913499733,
      1.7853534767e-25,
      -9.1222920103e-16,
      -1.5623183096e-15,
      0.9913499733,
      -3.1719704461e-15,
      -8.3544802542e-16,
      1.0144975572e-15,
      1.2337681774e-15,
      -0.9913499733,
      3.2960753859e-15,
      -1.3633558887e-15,
      2.6861799625,
      0.05058433622,
      7.8701454297e-16,
      -2.8146493799e-26,
      2.026753465,
      -2.6861799625,
      -0.05058433622,
      -7.1557438653e-16,
      -2.3607850736e-27,
      2.026753465
    ],
    "energies": [
      -0.59241098611,
      0.19744005556,
      0.47932104967,
      0.9373236851,
      1.2929037086,
      1.2929037086,
      1.9570225993,
      2.0435200475,
      2.0435200475,
      3.6104741732
    ],
    "occupations": [
      2.0,
      0.0,
      0.0,
      0.0,
      0.0,
      0.0,
      0.0,
      0.0,
      0.0,
      0.0
    ],
    "spins": [
      "alpha",
      "alpha",
      "alpha",
      "alpha",
      "alpha",
      "alpha",
      "alpha",
      "alpha",
      "alpha",
      "alpha"
    ]
  },
  "density_total_D": {
    "shape": [
      10,
      10
    ],
    "rowmajor": [
      0.3258904844461898,
      0.14028389581592884,
      0.01816285863838301,
      -2.6604248997439836e-17,
      4.0369202332716173e-26,
      0.32589048444618934,
      0.14028389581592815,
      -0.018162858638382576,
      2.78931223725817e-17,
      -1.3109496971628383e-26,
      0.14028389581592884,
      0.06038706978124063,
      0.007818444203046615,
      -1.1452153016864542e-17,
      1.7377460357085057e-26,
      0.14028389581592865,
      0.06038706978124033,
      -0.007818444203046428,
      1.2006965712870647e-17,
      -5.643157426005822e-27,
      0.01816285863838301,
      0.007818444203046615,
      0.0010122708384029389,
      -1.4827349578555401e-18,
      2.249897282393568e-27,
      0.01816285863838299,
      0.007818444203046577,
      -0.0010122708384029144,
      1.5545677545548946e-18,
      -7.306317664372062e-28,
      -2.6604248997439836e-17,
      -1.1452153016864542e-17,
      -1.4827349578555401e-18,
      2.1718525041336284e-33,
      -3.2955620429136686e-42,
      -2.6604248997439803e-17,
      -1.1452153016864485e-17,
      1.4827349578555045e-18,
      -2.2770703912306256e-33,
      1.070200997912146e-42,
      4.0369202332716173e-26,
      1.7377460357085057e-26,
      2.249897282393568e-27,
      -3.2955620429136686e-42,
      5.0006753027760296e-51,
      4.0369202332716127e-26,
      1.737746035708497e-26,
      -2.2498972823935137e-27,
      3.4552193282461096e-42,
      -1.6239195711011307e-51,
      0.32589048444618934,
      0.14028389581592865,
      0.01816285863838299,
      -2.6604248997439803e-17,
      4.0369202332716127e-26,
      0.32589048444618895,
      0.14028389581592796,
      -0.018162858638382552,
      2.789312237258167e-17,
      -1.3109496971628366e-26,
      0.14028389581592815,
      0.06038706978124033,
      0.007818444203046577,
      -1.1452153016864485e-17,
      1.737746035708497e-26,
      0.14028389581592796,
      0.06038706978124003,
      -0.007818444203046388,
      1.2006965712870587e-17,
      -5.643157426005794e-27,
      -0.018162858638382576,
      -0.007818444203046428,
      -0.0010122708384029144,
      1.4827349578555045e-18,
      -2.2498972823935137e-27,
      -0.018162858638382552,
      -0.007818444203046388,
      0.00101227083840289,
      -1.5545677545548572e-18,
      7.306317664371886e-28,
      2.78931223725817e-17,
      1.2006965712870647e-17,
      1.5545677545548946e-18,
      -2.2770703912306256e-33,
      3.4552193282461096e-42,
      2.789312237258167e-17,
      1.2006965712870587e-17,
      -1.5545677545548572e-18,
      2.387385679621719e-33,
      -1.1220481134759779e-42,
      -1.3109496971628383e-26,
      -5.643157426005822e-27,
      -7.306317664372062e-28,
      1.070200997912146e-42,
      -1.6239195711011307e-51,
      -1.3109496971628366e-26,
      -5.643157426005794e-27,
      7.306317664371886e-28,
      -1.1220481134759779e-42,
      5.2735173026357774e-52
    ]
  },
  "_provenance": {
    "psi4_version": "1.10",
    "scf_type": "pk",
    "e_convergence": 1e-12,
    "d_convergence": 1e-10
  },
  "pointwise_reference": {
    "note": "Values from independent Python molden-basis evaluator. Use for bit-accurate C++ cross-check.",
    "n_points": 76,
    "points_xyz_bohr_rowmajor": [
      0.0,
      0.0,
      -2.5,
      0.0,
      0.0,
      -2.175,
      0.0,
      0.0,
      -1.85,
      0.0,
      0.0,
      -1.525,
      0.0,
      0.0,
      -1.2,
      0.0,
      0.0,
      -0.875,
      0.0,
      0.0,
      -0.5499999999999998,
      0.0,
      0.0,
      -0.2250000000000001,
      0.0,
      0.0,
      0.10000000000000009,
      0.0,
      0.0,
      0.42500000000000027,
      0.0,
      0.0,
      0.75,
      0.0,
      0.0,
      1.0750000000000002,
      0.0,
      0.0,
      1.4000000000000004,
      0.0,
      0.0,
      1.7250000000000005,
      0.0,
      0.0,
      2.05,
      0.0,
      0.0,
      2.375,
      0.0,
      0.0,
      2.7,
      0.0,
      0.0,
      3.0250000000000004,
      0.0,
      0.0,
      3.3500000000000005,
      0.0,
      0.0,
      3.675,
      0.0,
      0.0,
      4.0,
      -2.0,
      0.0,
      0.7,
      -1.6,
      0.0,
      0.7,
      -1.2,
      0.0,
      0.7,
      -0.7999999999999998,
      0.0,
      0.7,
      -0.3999999999999999,
      0.0,
      0.7,
      0.0,
      0.0,
      0.7,
      0.40000000000000036,
      0.0,
      0.7,
      0.8000000000000003,
      0.0,
      0.7,
      1.2000000000000002,
      0.0,
      0.7,
      1.6,
      0.0,
      0.7,
      2.0,
      0.0,
      0.7,
      1.64373629133578,
      -0.3667293614876861,
      2.1515875194682947,
      1.1842081743561834,
      -2.434935912674103,
      2.8537341098205355,
      1.5668382119421178,
      1.7163858316617229,
      -2.2313182039467248,
      -0.2976843726265972,
      -0.7752118546045126,
      2.560589933091611,
      0.8631907204839873,
      1.9365696796249798,
      -0.3395148070360132,
      -1.6365676692913387,
      0.3275087220950088,
      -2.6170964633749483,
      1.9657870319554924,
      0.7899863947323891,
      1.548526440512243,
      -0.8728441912207898,
      2.8241881463694196,
      2.358726727933186,
      1.6703009824425712,
      -1.8321677528881946,
      -0.19967397763779493,
      -2.7371774052766273,
      -2.0742630475947132,
      1.0982937194547278,
      1.4685729354469028,
      2.8050583946052603,
      -1.0450478511710883,
      -0.7772417637907867,
      -0.18266513234515247,
      -1.8631718454942858,
      -2.22047096798717,
      -0.14577044264439754,
      -1.6385439056946953,
      1.018883968095062,
      -0.3770884867660156,
      1.9960691763470246,
      1.2015906120134947,
      -1.1258001517077536,
      1.9935588083712064,
      1.8285861449808112,
      -0.6751297258189533,
      -1.2700313764185354,
      1.094973023849853,
      -2.161485098344141,
      -1.80055078514935,
      -2.955826381493967,
      1.7215462650128304,
      0.9891051395521928,
      1.2309922717580106,
      1.6843741861318073,
      -0.24650534676996028,
      0.41244717571736245,
      -2.1612180112340553,
      -2.3128195587841596,
      1.01041777074283,
      -0.17342276314120486,
      0.39141663888713296,
      1.5899931444961535,
      0.8083099200035448,
      0.32147640394797494,
      0.35524296447248127,
      -1.1762994116243268,
      -2.815092992592364,
      -0.3796956646058258,
      -1.7124919630828248,
      -0.5488281376521831,
      2.1204184396089967,
      -1.5963630848079555,
      -2.650183549865604,
      -1.3116966478680208,
      -1.2384374533998983,
      0.9714990883613703,
      0.34219291404767005,
      1.703389254638481,
      0.9858812419643253,
      -0.5616788313595769,
      1.884122307996208,
      -1.9981624805537765,
      -2.8637275611968374,
      -2.4597128353461493,
      1.3341561035787017,
      -0.2287366184916757,
      -2.0323693257983892,
      0.006268650620181226,
      -2.0861273837209895,
      1.1779222504664162,
      -0.3230623465558158,
      -0.7138726434211051,
      -1.1909274651127408,
      0.7816955587133307,
      -0.8291243366796575,
      -2.474100484103394,
      -2.291964587276908,
      2.771385987297087,
      2.4514841442456423,
      1.1982428028644974,
      -1.4047802312428825,
      2.8150582640863435,
      1.6725054237947676,
      1.3013411349539736,
      -0.30383098713726797,
      -1.3665506289290459,
      -2.4216542270790042,
      2.41561437926305,
      -0.2653422609983336,
      -1.785819811228618,
      -1.164260255096085,
      0.4753174136513758,
      -1.9393633023646097,
      2.139685704554253,
      1.5511171790112606,
      1.3167777357056207,
      -0.4074417613493777,
      0.7638530442146592,
      0.0,
      0.0,
      0.6991986664,
      0.0,
      0.0,
      0.0,
      0.0,
      0.0,
      1.3983973328,
      10.0,
      0.0,
      0.0
    ],
    "rho": [
      0.0010973667176678776,
      0.002345713477277866,
      0.004950970413858822,
      0.010275264709952369,
      0.021704707213667327,
      0.048466425750168,
      0.10772154147445948,
      0.2376765890869393,
      0.34559122306501455,
      0.2736572272747397,
      0.26019580652028523,
      0.291146721760043,
      0.3429232800665794,
      0.18473802236700645,
      0.08449533516416532,
      0.03752036687316275,
      0.01709041714988366,
      0.00818269935731178,
      0.003928676463215694,
      0.0018506935855671285,
      0.000865996609646894,
      0.008554115824792109,
      0.021971452714338858,
      0.051864230116719895,
      0.11193077938214914,
      0.2045202759091394,
      0.25982943914043727,
      0.20452027590913927,
      0.11193077938214903,
      0.051864230116719895,
      0.021971452714338858,
      0.008554115824792112,
      0.006918237082038307,
      0.0003892204344038185,
      0.0002476125447869563,
      0.014005469911365026,
      0.0041625519086724546,
      0.0002963057071378766,
      0.004805364773695983,
      0.00040753790115267784,
      0.0020076510803484493,
      0.00030128425916728645,
      0.00025198126365432615,
      0.003417408092763537,
      0.000720331499285241,
      0.02611105458307369,
      0.009049176687825953,
      0.002038434002027487,
      0.00040665026900307333,
      0.00031558528905855504,
      0.004838220064480973,
      0.0002594088134858796,
      0.07090259788653915,
      0.013476168496703474,
      0.00030783931826711326,
      0.007640544983886078,
      7.954819012655425e-05,
      0.013253485186538277,
      0.015429175200929854,
      0.0006176533790817154,
      0.00014230044561977154,
      0.006290315364773433,
      0.0022426062499744316,
      0.03487640791636568,
      0.00014752063024594172,
      0.00017165728960736923,
      0.00044804269710833894,
      0.004917478800615708,
      0.0002573226802812618,
      0.006071265291202925,
      0.0008226551499207819,
      0.035683298998511,
      0.25982934877294683,
      0.3432403336049173,
      0.3432403336049173,
      1.0571405593167274e-13
    ],
    "psi_homo": [
      0.023423991095326578,
      0.03424699605277714,
      0.049754248129475445,
      0.07167727921019452,
      0.10417463034171834,
      0.15567020548288615,
      0.23207923374836822,
      0.34472930618598363,
      0.4156869152769994,
      0.3699035193633197,
      0.36069086938837613,
      0.3815407722380683,
      0.414079267813893,
      0.30392270593607057,
      0.20554237417642782,
      0.13696781898161836,
      0.09244029735424822,
      0.06396365904680477,
      0.04432085549273442,
      0.03041951335546912,
      0.020808611314151817,
      0.06539921950907407,
      0.10481281580593772,
      0.1610345151151142,
      0.2365700523969054,
      0.31978139088222396,
      0.36043684546702304,
      0.31978139088222385,
      0.2365700523969053,
      0.1610345151151142,
      0.10481281580593772,
      0.06539921950907408,
      0.05881427157603122,
      0.013950276599476773,
      0.011126826699175203,
      0.08368234554362415,
      0.04562100343412261,
      0.012171805682352077,
      0.04901716420651027,
      0.014274766217922412,
      0.031683205964267956,
      0.012273635548754217,
      0.011224554860980594,
      0.04133647356006277,
      0.01897803334496545,
      0.11426078632469167,
      0.06726506035017717,
      0.031925178167298354,
      0.014259212267917772,
      0.01256155422427008,
      0.04918444908952917,
      0.011388784252190389,
      0.18828515327361733,
      0.08208583463882022,
      0.012406436197940029,
      0.06180835293019091,
      0.006306670679786374,
      0.08140480694202977,
      0.08783272511123019,
      0.017573465496049937,
      0.008435059146792379,
      0.05608170541617575,
      0.03348586455487174,
      0.13205379191141328,
      0.008588382567338909,
      0.009264375035785448,
      0.01496734273524093,
      0.04958567737066676,
      0.011342898224908434,
      0.055096575625001074,
      0.02028121236416578,
      0.13357263753948823,
      0.3604367827878745,
      0.4142706443889775,
      0.4142706443889775,
      2.2990656355536345e-07
    ],
    "homo_energy_hartree": -0.59241098611,
    "integration_self_check": {
      "integral_rho": 1.9992785775434738,
      "expected_N_e": 2,
      "integral_psi_homo_sq": 0.9996392887717369,
      "grid_N": 201,
      "grid_step": 0.04999999999999982
    },
    "v_H": {
      "source": "psi4.MintsHelper.electrostatic_potential_value (negated); uses libint analytic <mu|1/|r-P||nu> integrals contracted with density matrix D.",
      "n_points": 72,
      "points_xyz_bohr_rowmajor": [
        0.0,
        0.0,
        -2.5,
        0.0,
        0.0,
        -2.175,
        0.0,
        0.0,
        -1.85,
        0.0,
        0.0,
        -1.525,
        0.0,
        0.0,
        -1.2,
        0.0,
        0.0,
        -0.875,
        0.0,
        0.0,
        -0.5499999999999998,
        0.0,
        0.0,
        -0.2250000000000001,
        0.0,
        0.0,
        0.42500000000000027,
        0.0,
        0.0,
        0.75,
        0.0,
        0.0,
        1.0750000000000002,
        0.0,
        0.0,
        1.7250000000000005,
        0.0,
        0.0,
        2.05,
        0.0,
        0.0,
        2.375,
        0.0,
        0.0,
        2.7,
        0.0,
        0.0,
        3.0250000000000004,
        0.0,
        0.0,
        3.3500000000000005,
        0.0,
        0.0,
        3.675,
        0.0,
        0.0,
        4.0,
        -2.0,
        0.0,
        0.7,
        -1.6,
        0.0,
        0.7,
        -1.2,
        0.0,
        0.7,
        -0.7999999999999998,
        0.0,
        0.7,
        -0.3999999999999999,
        0.0,
        0.7,
        0.0,
        0.0,
        0.7,
        0.40000000000000036,
        0.0,
        0.7,
        0.8000000000000003,
        0.0,
        0.7,
        1.2000000000000002,
        0.0,
        0.7,
        1.6,
        0.0,
        0.7,
        2.0,
        0.0,
        0.7,
        1.64373629133578,
        -0.3667293614876861,
        2.1515875194682947,
        1.1842081743561834,
        -2.434935912674103,
        2.8537341098205355,
        1.5668382119421178,
        1.7163858316617229,
        -2.2313182039467248,
        -0.2976843726265972,
        -0.7752118546045126,
        2.560589933091611,
        0.8631907204839873,
        1.9365696796249798,
        -0.3395148070360132,
        -1.6365676692913387,
        0.3275087220950088,
        -2.6170964633749483,
        1.9657870319554924,
        0.7899863947323891,
        1.548526440512243,
        -0.8728441912207898,
        2.8241881463694196,
        2.358726727933186,
        1.6703009824425712,
        -1.8321677528881946,
        -0.19967397763779493,
        -2.7371774052766273,
        -2.0742630475947132,
        1.0982937194547278,
        1.4685729354469028,
        2.8050583946052603,
        -1.0450478511710883,
        -0.7772417637907867,
        -0.18266513234515247,
        -1.8631718454942858,
        -2.22047096798717,
        -0.14577044264439754,
        -1.6385439056946953,
        1.018883968095062,
        -0.3770884867660156,
        1.9960691763470246,
        1.2015906120134947,
        -1.1258001517077536,
        1.9935588083712064,
        1.8285861449808112,
        -0.6751297258189533,
        -1.2700313764185354,
        1.094973023849853,
        -2.161485098344141,
        -1.80055078514935,
        -2.955826381493967,
        1.7215462650128304,
        0.9891051395521928,
        1.2309922717580106,
        1.6843741861318073,
        -0.24650534676996028,
        0.41244717571736245,
        -2.1612180112340553,
        -2.3128195587841596,
        1.01041777074283,
        -0.17342276314120486,
        0.39141663888713296,
        1.5899931444961535,
        0.8083099200035448,
        0.32147640394797494,
        0.35524296447248127,
        -1.1762994116243268,
        -2.815092992592364,
        -0.3796956646058258,
        -1.7124919630828248,
        -0.5488281376521831,
        2.1204184396089967,
        -1.5963630848079555,
        -2.650183549865604,
        -1.3116966478680208,
        -1.2384374533998983,
        0.9714990883613703,
        0.34219291404767005,
        1.703389254638481,
        0.9858812419643253,
        -0.5616788313595769,
        1.884122307996208,
        -1.9981624805537765,
        -2.8637275611968374,
        -2.4597128353461493,
        1.3341561035787017,
        -0.2287366184916757,
        -2.0323693257983892,
        0.006268650620181226,
        -2.0861273837209895,
        1.1779222504664162,
        -0.3230623465558158,
        -0.7138726434211051,
        -1.1909274651127408,
        0.7816955587133307,
        -0.8291243366796575,
        -2.474100484103394,
        -2.291964587276908,
        2.771385987297087,
        2.4514841442456423,
        1.1982428028644974,
        -1.4047802312428825,
        2.8150582640863435,
        1.6725054237947676,
        1.3013411349539736,
        -0.30383098713726797,
        -1.3665506289290459,
        -2.4216542270790042,
        2.41561437926305,
        -0.2653422609983336,
        -1.785819811228618,
        -1.164260255096085,
        0.4753174136513758,
        -1.9393633023646097,
        2.139685704554253,
        1.5511171790112606,
        1.3167777357056207,
        -0.4074417613493777,
        0.7638530442146592,
        0.0,
        0.0,
        0.6991986664,
        10.0,
        0.0,
        0.0
      ],
      "V_H_hartree": [
        0.6384872720490415,
        0.7116592732112806,
        0.8018237327540363,
        0.9140076385485423,
        1.0544353211094177,
        1.2293835500036807,
        1.4392201730284284,
        1.6657486499914782,
        1.922788327945889,
        1.9402919841330493,
        1.9062325801049058,
        1.5956615887318817,
        1.3704345545706529,
        1.170727895179592,
        1.0070882719784586,
        0.8762161134669597,
        0.7715307696312798,
        0.6871625008908667,
        0.6184528437757024,
        0.9418749447245989,
        1.1200397255123145,
        1.3437459103553968,
        1.6013028338472237,
        1.8377335531514345,
        1.94090522831549,
        1.8377335531514345,
        1.6013028338472235,
        1.3437459103553968,
        1.1200397255123145,
        0.9418749447245989,
        0.8816362668731025,
        0.577584387711091,
        0.5381606549376712,
        0.9785307294834373,
        0.8245271317959094,
        0.5450699385049658,
        0.8473674998494352,
        0.5865612220190127,
        0.7421168632165331,
        0.5713796983743888,
        0.5506637575261475,
        0.7586192659487594,
        0.6215951263360674,
        1.1216747362150326,
        0.927085412605021,
        0.7210150451776691,
        0.576451161385039,
        0.5752238950840727,
        0.8461826750509233,
        0.5402143797683607,
        1.43361859579903,
        1.0179252401004673,
        0.5450238867966939,
        0.9025491693692621,
        0.4706200565558564,
        1.0160587822794418,
        1.0447844027974582,
        0.6039214255742286,
        0.5177201068012146,
        0.8878666910109305,
        0.7520399992751192,
        1.231703907657708,
        0.5063462210581099,
        0.530375409211749,
        0.6003001771867238,
        0.8161610532026214,
        0.5573346016412555,
        0.8888435450524406,
        0.654049797162092,
        1.2378279251465145,
        1.9409053808790397,
        0.19925210720035716
      ]
    }
  },
  "polarizability": {
    "note": "Gas-phase static dipole polarizability (atomic units, a0^3). Computed by analytic CPHF (coupled-perturbed HF/KS) linear response via psi4.properties(method, properties=['DIPOLE_POLARIZABILITIES']). Fully symmetry-preserving -- no external field is ever applied to the Hamiltonian. The main SCF producing the molden file is not affected by this step.",
    "iso": 2.912396992064057,
    "aniso": 5.243781816169142,
    "xx": 1.1644697200076783,
    "yy": 1.1644697200076735,
    "zz": 6.408251536176818,
    "xy": 7.989319423956664e-17,
    "xz": 1.5993712119338509e-15,
    "yz": 3.0665109877138194e-16,
    "alpha_tensor": [
      1.1644697200076783,
      7.989319423956664e-17,
      1.5993712119338509e-15,
      7.989319423956664e-17,
      1.1644697200076735,
      3.0665109877138194e-16,
      1.5993712119338509e-15,
      3.0665109877138194e-16,
      6.408251536176818
    ],
    "method": "analytic_cphf_scf",
    "no_pcm": true
  }
}