{
  "molecule": "h2o",
  "basis": "CC-PVDZ",
  "cartesian": false,
  "charge": -1,
  "multiplicity": 2,
  "pcm_solvent": "none",
  "is_open_shell": true,
  "nbf": 24,
  "nao_cart": 25,
  "natom": 3,
  "nalpha": 6,
  "nbeta": 5,
  "nelectron": 11,
  "ndocc": 6,
  "atoms": [
    {
      "symbol": "O",
      "Z": 8,
      "xyz_bohr": [
        0.0,
        0.0,
        0.2225908403176776
      ]
    },
    {
      "symbol": "H",
      "Z": 1,
      "xyz_bohr": [
        0.0,
        1.4275992706554927,
        -0.8903652509968357
      ]
    },
    {
      "symbol": "H",
      "Z": 1,
      "xyz_bohr": [
        0.0,
        -1.4275992706554927,
        -0.8903652509968357
      ]
    }
  ],
  "energies": {
    "E_scf": -75.84887624985708,
    "E_scf_reconstructed": -75.84887624985708,
    "E_nuclear_repulsion": 9.18919322496848,
    "E_kinetic": 76.43230848111611,
    "E_nuclear_electron": -202.57524795633486,
    "E_coulomb_J": null,
    "E_exchange_K": null,
    "E_one_electron": -126.14293947521875,
    "E_two_electron": 41.10487000039319
  },
  "orbital_energies_hartree": [
    -20.223602243352694,
    -1.0400269823019035,
    -0.37588417060296964,
    -0.2728992979913143,
    -0.18472023270579715,
    0.169690059906825,
    0.46712056309166966,
    1.0925893809962801,
    1.1384896432748826,
    1.4456082839402438,
    1.4853188186702622,
    1.5350933379702323,
    1.745164568353301,
    1.7982722860240696,
    1.9870805189107046,
    2.1605054221341167,
    2.2557380406490624,
    2.77104920656512,
    2.8022137930665996,
    3.595369298354519,
    3.650232490480204,
    3.819826909800076,
    4.173904030298107,
    4.4583580309629305
  ],
  "occupations": [
    1.0,
    1.0,
    1.0,
    1.0,
    1.0,
    1.0,
    0.0,
    0.0,
    0.0,
    0.0,
    0.0,
    0.0,
    0.0,
    0.0,
    0.0,
    0.0,
    0.0,
    0.0,
    0.0,
    0.0,
    0.0,
    0.0,
    0.0,
    0.0
  ],
  "orbital_energies_beta": [
    -20.211448268240055,
    -1.0002312386530428,
    -0.3719416204440727,
    -0.2508340179962157,
    -0.17130143120980904,
    0.4777343570941961,
    0.5366274750734882,
    1.1031090037989733,
    1.1875796255852091,
    1.4700162810115982,
    1.5096696400471186,
    1.5523248028075778,
    1.7573233637471695,
    1.8101910707249154,
    1.9970345632847608,
    2.1755254650895783,
    2.2684655267861134,
    2.7819002110160636,
    2.83041764386984,
    3.6117268489653154,
    3.654475216200663,
    3.8371320078181195,
    4.180313312952022,
    4.4694718631958406
  ],
  "occupations_beta": [
    1.0,
    1.0,
    1.0,
    1.0,
    1.0,
    0.0,
    0.0,
    0.0,
    0.0,
    0.0,
    0.0,
    0.0,
    0.0,
    0.0,
    0.0,
    0.0,
    0.0,
    0.0,
    0.0,
    0.0,
    0.0,
    0.0,
    0.0,
    0.0
  ],
  "dipole_au": [
    -2.1906271342856596e-16,
    -4.385380947269368e-15,
    0.2784147936588436
  ],
  "overlap_S": {
    "shape": [
      24,
      24
    ],
    "rowmajor": [
      0.9999999999999996,
      -0.21406265175603015,
      0.1943841520528101,
      -1.81456870242022e-17,
      0.0,
      0.0,
      4.874832619222804e-18,
      0.0,
      0.0,
      0.0,
      0.0,
      0.0,
      0.0,
      0.0,
      0.05382953182977233,
      0.06969111795026335,
      0.0681128352243126,
      0.0,
      -0.08736897587186819,
      0.05382953182977233,
      0.06969111795026335,
      0.0681128352243126,
      0.0,
      0.08736897587186819,
      -0.21406265175603015,
      1.0,
      0.7086073285770355,
      -7.970198181192017e-17,
      0.0,
      0.0,
      -3.686679093920086e-18,
      0.0,
      0.0,
      -1.1102230246251565e-16,
      0.0,
      0.0,
      2.220446049250313e-16,
      0.0,
      0.27611187483722616,
      0.32532653030755765,
      0.2481817770544798,
      0.0,
      -0.3183451051465029,
      0.27611187483722616,
      0.32532653030755765,
      0.2481817770544798,
      0.0,
      0.3183451051465029,
      0.1943841520528101,
      0.7086073285770355,
      0.9999999999999999,
      1.3605878801123199e-17,
      0.0,
      0.0,
      0.0,
      0.0,
      0.0,
      0.0,
      0.0,
      0.0,
      0.0,
      0.0,
      0.4967795936393286,
      0.6477990160034307,
      0.24073387471741148,
      0.0,
      -0.3087916106040956,
      0.4967795936393286,
      0.6477990160034307,
      0.24073387471741148,
      0.0,
      0.3087916106040956,
      -1.81456870242022e-17,
      -7.970198181192017e-17,
      1.3605878801123199e-17,
      1.0000000000000007,
      0.0,
      0.0,
      0.5012714832460011,
      0.0,
      0.0,
      6.689091300687669e-17,
      0.0,
      0.0,
      0.0,
      0.0,
      -0.17327781656051625,
      -0.0652781794059678,
      -0.021923889383518157,
      0.0,
      0.2790247432599083,
      -0.17327781656051625,
      -0.0652781794059678,
      -0.021923889383518157,
      0.0,
      -0.2790247432599083,
      0.0,
      0.0,
      0.0,
      0.0,
      1.0000000000000009,
      0.0,
      0.0,
      0.5012714832460013,
      0.0,
      0.0,
      5.792922994629019e-17,
      0.0,
      0.0,
      0.0,
      0.0,
      0.0,
      0.0,
      0.1956037418095094,
      0.0,
      0.0,
      0.0,
      0.0,
      0.1956037418095094,
      0.0,
      0.0,
      0.0,
      0.0,
      0.0,
      0.0,
      1.0000000000000009,
      0.0,
      0.0,
      0.5012714832460013,
      0.0,
      0.0,
      5.792922994629019e-17,
      0.0,
      0.0,
      0.22226508886832985,
      0.08373293613013069,
      0.27902474325990817,
      0.0,
      -0.1623039268588985,
      -0.22226508886832985,
      -0.08373293613013069,
      -0.27902474325990817,
      0.0,
      -0.1623039268588985,
      4.874832619222804e-18,
      -3.686679093920086e-18,
      0.0,
      0.5012714832460011,
      0.0,
      0.0,
      1.0000000000000004,
      0.0,
      0.0,
      0.0,
      0.0,
      0.0,
      0.0,
      0.0,
      -0.38263420645153984,
      -0.2409033760621953,
      0.19776838384589798,
      0.0,
      0.24834310856183395,
      -0.38263420645153984,
      -0.2409033760621953,
      0.19776838384589798,
      0.0,
      -0.24834310856183395,
      0.0,
      0.0,
      0.0,
      0.0,
      0.5012714832460013,
      0.0,
      0.0,
      1.0000000000000009,
      0.0,
      0.0,
      0.0,
      0.0,
      0.0,
      0.0,
      0.0,
      0.0,
      0.0,
      0.3913766190777401,
      0.0,
      0.0,
      0.0,
      0.0,
      0.3913766190777401,
      0.0,
      0.0,
      0.0,
      0.0,
      0.0,
      0.0,
      0.5012714832460013,
      0.0,
      0.0,
      1.000000000000001,
      0.0,
      0.0,
      0.0,
      0.0,
      0.0,
      0.4908085038762736,
      0.30900903157701354,
      0.24834310856183403,
      0.0,
      0.072824572485811,
      -0.4908085038762736,
      -0.30900903157701354,
      -0.24834310856183403,
      0.0,
      0.072824572485811,
      0.0,
      -1.1102230246251565e-16,
      0.0,
      6.689091300687669e-17,
      0.0,
      0.0,
      0.0,
      0.0,
      0.0,
      1.0000000000000004,
      0.0,
      0.0,
      5.551115123125783e-17,
      0.0,
      0.015459928364268016,
      0.001617719081492941,
      -0.2034010682593147,
      0.0,
      -0.17343871585801204,
      0.015459928364268016,
      0.001617719081492941,
      -0.2034010682593147,
      0.0,
      0.17343871585801204,
      0.0,
      0.0,
      0.0,
      0.0,
      5.792922994629019e-17,
      0.0,
      0.0,
      0.0,
      0.0,
      0.0,
      1.0000000000000007,
      0.0,
      0.0,
      0.0,
      0.0,
      0.0,
      0.0,
      -0.19549880015345325,
      0.0,
      0.0,
      0.0,
      0.0,
      -0.19549880015345325,
      0.0,
      0.0,
      0.0,
      0.0,
      0.0,
      0.0,
      5.792922994629019e-17,
      0.0,
      0.0,
      0.0,
      0.0,
      0.0,
      1.0000000000000004,
      0.0,
      0.0,
      -0.1936950101117919,
      -0.02026814785067331,
      -0.029145003598217693,
      0.0,
      0.16354844597496723,
      0.1936950101117919,
      0.02026814785067331,
      0.029145003598217693,
      0.0,
      0.16354844597496723,
      0.0,
      2.220446049250313e-16,
      0.0,
      0.0,
      0.0,
      0.0,
      0.0,
      0.0,
      0.0,
      5.551115123125783e-17,
      0.0,
      0.0,
      1.0000000000000004,
      0.0,
      -0.12422720775920543,
      -0.012999072162399549,
      -0.17952362306421024,
      0.0,
      -0.02049151025738959,
      -0.12422720775920543,
      -0.012999072162399549,
      -0.17952362306421024,
      0.0,
      0.02049151025738959,
      0.0,
      0.0,
      0.0,
      0.0,
      0.0,
      0.0,
      0.0,
      0.0,
      0.0,
      0.0,
      0.0,
      0.0,
      0.0,
      1.0000000000000009,
      0.0,
      0.0,
      0.0,
      0.2507681540099715,
      0.0,
      0.0,
      0.0,
      0.0,
      -0.2507681540099715,
      0.0,
      0.05382953182977233,
      0.27611187483722616,
      0.4967795936393286,
      -0.17327781656051625,
      0.0,
      0.22226508886832985,
      -0.38263420645153984,
      0.0,
      0.4908085038762736,
      0.015459928364268016,
      0.0,
      -0.1936950101117919,
      -0.12422720775920543,
      0.0,
      1.0000000000000002,
      0.6848602514927512,
      1.8640487409939073e-16,
      0.0,
      -3.800420472088525e-18,
      0.12208971165764117,
      0.30857731609878536,
      1.603872051090086e-17,
      0.0,
      0.1610653100965252,
      0.06969111795026335,
      0.32532653030755765,
      0.6477990160034307,
      -0.0652781794059678,
      0.0,
      0.08373293613013069,
      -0.2409033760621953,
      0.0,
      0.30900903157701354,
      0.001617719081492941,
      0.0,
      -0.02026814785067331,
      -0.012999072162399549,
      0.0,
      0.6848602514927512,
      1.0000000000000002,
      0.0,
      0.0,
      -2.225059177060456e-16,
      0.30857731609878536,
      0.6081816462668852,
      0.0,
      0.0,
      0.1754383680956413,
      0.0681128352243126,
      0.2481817770544798,
      0.24073387471741148,
      -0.021923889383518157,
      0.0,
      0.27902474325990817,
      0.19776838384589798,
      0.0,
      0.24834310856183403,
      -0.2034010682593147,
      0.0,
      -0.029145003598217693,
      -0.17952362306421024,
      0.0,
      1.8640487409939073e-16,
      0.0,
      1.0,
      0.0,
      0.0,
      1.5053000161463756e-17,
      0.0,
      0.05164769605959399,
      0.0,
      -2.380465558675363e-17,
      0.0,
      0.0,
      0.0,
      0.0,
      0.1956037418095094,
      0.0,
      0.0,
      0.3913766190777401,
      0.0,
      0.0,
      -0.19549880015345325,
      0.0,
      0.0,
      0.2507681540099715,
      0.0,
      0.0,
      0.0,
      1.0000000000000004,
      0.0,
      0.0,
      0.0,
      0.0,
      0.051647696059594024,
      0.0,
      -0.08736897587186819,
      -0.3183451051465029,
      -0.3087916106040956,
      0.2790247432599083,
      0.0,
      -0.1623039268588985,
      0.24834310856183395,
      0.0,
      0.072824572485811,
      -0.17343871585801204,
      0.0,
      0.16354844597496723,
      -0.02049151025738959,
      0.0,
      -3.800420472088525e-18,
      -2.225059177060456e-16,
      0.0,
      0.0,
      1.0000000000000004,
      -0.1610653100965252,
      -0.1754383680956413,
      2.380465558675363e-17,
      0.0,
      -0.25444854046304977,
      0.05382953182977233,
      0.27611187483722616,
      0.4967795936393286,
      -0.17327781656051625,
      0.0,
      -0.22226508886832985,
      -0.38263420645153984,
      0.0,
      -0.4908085038762736,
      0.015459928364268016,
      0.0,
      0.1936950101117919,
      -0.12422720775920543,
      0.0,
      0.12208971165764117,
      0.30857731609878536,
      1.5053000161463756e-17,
      0.0,
      -0.1610653100965252,
      1.0000000000000002,
      0.6848602514927512,
      1.8640487409939073e-16,
      0.0,
      3.800420472088525e-18,
      0.06969111795026335,
      0.32532653030755765,
      0.6477990160034307,
      -0.0652781794059678,
      0.0,
      -0.08373293613013069,
      -0.2409033760621953,
      0.0,
      -0.30900903157701354,
      0.001617719081492941,
      0.0,
      0.02026814785067331,
      -0.012999072162399549,
      0.0,
      0.30857731609878536,
      0.6081816462668852,
      0.0,
      0.0,
      -0.1754383680956413,
      0.6848602514927512,
      1.0000000000000002,
      0.0,
      0.0,
      2.225059177060456e-16,
      0.0681128352243126,
      0.2481817770544798,
      0.24073387471741148,
      -0.021923889383518157,
      0.0,
      -0.27902474325990817,
      0.19776838384589798,
      0.0,
      -0.24834310856183403,
      -0.2034010682593147,
      0.0,
      0.029145003598217693,
      -0.17952362306421024,
      0.0,
      1.603872051090086e-17,
      0.0,
      0.05164769605959399,
      0.0,
      2.380465558675363e-17,
      1.8640487409939073e-16,
      0.0,
      1.0,
      0.0,
      0.0,
      0.0,
      0.0,
      0.0,
      0.0,
      0.1956037418095094,
      0.0,
      0.0,
      0.3913766190777401,
      0.0,
      0.0,
      -0.19549880015345325,
      0.0,
      0.0,
      -0.2507681540099715,
      0.0,
      0.0,
      0.0,
      0.051647696059594024,
      0.0,
      0.0,
      0.0,
      0.0,
      1.0000000000000004,
      0.0,
      0.08736897587186819,
      0.3183451051465029,
      0.3087916106040956,
      -0.2790247432599083,
      0.0,
      -0.1623039268588985,
      -0.24834310856183395,
      0.0,
      0.072824572485811,
      0.17343871585801204,
      0.0,
      0.16354844597496723,
      0.02049151025738959,
      0.0,
      0.1610653100965252,
      0.1754383680956413,
      -2.380465558675363e-17,
      0.0,
      -0.25444854046304977,
      3.800420472088525e-18,
      2.225059177060456e-16,
      0.0,
      0.0,
      1.0000000000000004
    ]
  },
  "mo_coeff_C_ao_by_mo": {
    "shape": [
      24,
      24
    ],
    "rowmajor": [
      1.0008679796241338,
      0.0034695101559938726,
      -9.597583932448055e-16,
      0.013172819414862648,
      2.7750076868533497e-17,
      0.04726749031258944,
      -1.57359915371805e-15,
      1.016004248278285e-14,
      0.08313062725123316,
      0.02162180616825327,
      6.199738488180021e-16,
      3.272152284882692e-15,
      0.21341217270567261,
      -3.2548777759469366e-15,
      4.531100712742724e-15,
      0.7224131833394063,
      -5.592418916599577e-15,
      9.169087561820551e-14,
      0.2701092738019173,
      7.965519446837613e-16,
      -6.747508216992212e-16,
      0.08577108421549186,
      0.1428339292027184,
      1.0313971825871304e-14,
      0.001079470437386722,
      -0.456273797893966,
      -6.0102800872647284e-15,
      -0.12032158146599774,
      -1.9611640510323786e-16,
      -0.08317207343936976,
      -3.3602268301519783e-15,
      3.0986152905085235e-14,
      0.2798313751156128,
      0.17449614178895045,
      3.678792563788988e-15,
      9.831819547342662e-15,
      0.5470254830446422,
      -7.72258430186862e-15,
      9.514510036646122e-15,
      1.5850612189658349,
      -1.0282512163116935e-14,
      2.406176727875299e-13,
      0.707676490719407,
      1.835780627212303e-15,
      -1.9065242486289945e-15,
      0.15905988029934962,
      0.17633095308344665,
      1.216932718091443e-14,
      -0.002901120543183534,
      -0.37314802287398036,
      -4.981310100290707e-15,
      -0.35780025541325755,
      -6.647373138200922e-16,
      -0.9836470770977636,
      1.7036740256501647e-14,
      -6.058760456140867e-14,
      -0.45453827972802274,
      0.6990850849911144,
      1.1114370472852794e-14,
      -7.714849415844502e-15,
      -0.6007568080186801,
      1.1940541582173523e-14,
      -1.9713119954241163e-14,
      -3.0138573228651837,
      4.17564884687609e-14,
      2.7933644864019744e-13,
      0.8203099262543309,
      -3.3937670533470154e-15,
      -4.053023925934732e-16,
      -0.5552413070611633,
      -2.2639134655748254,
      -1.8096677211370834e-13,
      -0.0012874566579850252,
      0.09829538929799063,
      -7.457044780494787e-15,
      -0.5475119362679359,
      -9.475870146139767e-16,
      0.19596543364570718,
      2.2828194879594945e-15,
      -4.358211744502832e-14,
      -0.3584783711562037,
      0.7450150640787381,
      1.3320251084841745e-14,
      2.821880459790492e-14,
      0.0947755849249852,
      8.103125012186781e-17,
      5.248668530835778e-16,
      0.11213204986312988,
      -6.434122540659733e-15,
      -2.288807364145127e-13,
      -0.665441009811626,
      7.983873839697662e-16,
      7.58880609684666e-16,
      0.01903996619834317,
      0.40590811291377804,
      3.4846711818837465e-14,
      -2.4397378335993477e-16,
      7.124931004654436e-17,
      -3.6203224212374567e-16,
      -1.2365224197797066e-15,
      0.6182190458364354,
      -1.7979201724107398e-16,
      1.5168013374721163e-16,
      -1.3126930688429589e-15,
      -1.0176082048373743e-15,
      -1.738496677989255e-14,
      0.9756058642285668,
      8.992538880827345e-15,
      5.460079183966243e-16,
      -2.2217149042193104e-15,
      0.03849028695732654,
      -5.135537111950896e-16,
      5.406790702074115e-16,
      1.982341959152377e-16,
      3.746522053318869e-16,
      0.01091720127369487,
      -7.644787235969652e-16,
      -3.4906541709607123e-16,
      5.039904283107502e-16,
      2.8606154538522013e-16,
      5.376957628398246e-16,
      -1.0414277100861241e-15,
      0.468063215311157,
      -6.008239170742949e-15,
      2.7841040346511974e-16,
      -1.3939954952690662e-15,
      0.29343501672182287,
      0.2516409315167953,
      -2.15369222338249e-14,
      -1.5407729199990208e-14,
      -6.642873906212809e-15,
      0.7458783292651002,
      -1.0034036176488966e-14,
      -1.5340248529570565e-15,
      -6.105464401351709e-16,
      -3.257960138379041e-15,
      0.003840887709581,
      0.8380503280401035,
      -2.74710677963135e-13,
      -3.823629485299681e-17,
      -1.3741597739520938e-15,
      -4.367987992498842e-15,
      -2.8238085930864188e-14,
      0.4742223630193743,
      0.00043591733853804094,
      -0.018971841348589966,
      -5.741564641838252e-15,
      -0.3876027828359353,
      -7.58792079068912e-16,
      0.3215206077476958,
      -9.921412987287704e-15,
      2.502818782111245e-14,
      0.113438925711319,
      -1.3234582609426437,
      -2.2942922998195255e-14,
      -3.6098103801456754e-14,
      -0.6255746288698006,
      1.768401947676616e-15,
      6.396259229282379e-15,
      0.9854829178892143,
      -2.3463782741646358e-14,
      -6.005308214243946e-14,
      -0.1872508756039518,
      3.4182610856756434e-15,
      1.007885756418442e-15,
      0.5370368220505,
      0.9249916835693301,
      7.28964711058491e-14,
      4.963477818469603e-16,
      -1.0697200157415637e-16,
      -2.59530024464801e-16,
      -7.604257143189455e-16,
      0.5135200016334684,
      -1.478877889535938e-17,
      -1.7267583543479917e-16,
      1.7757421555260887e-15,
      1.247597276938866e-15,
      1.8643378236390047e-14,
      -1.0329293661540142,
      -9.155949336580622e-15,
      -1.0649734380256904e-15,
      -1.6909358634015508e-14,
      0.6047217720489989,
      -3.4918219594028465e-15,
      -4.2620261238211645e-16,
      -1.8924572736168894e-16,
      -1.7020203477120358e-16,
      -0.31337171237068717,
      -1.0979235415531245e-14,
      3.3365277229499795e-15,
      -8.81178903870146e-16,
      -1.1590077045648997e-15,
      -3.5194822867331005e-16,
      -7.51359604080479e-15,
      0.21068070280895845,
      -2.2293792668488502e-15,
      -1.4898698447040768e-16,
      3.988796981356654e-15,
      0.687901655432556,
      0.5230845780387188,
      -5.870402041106636e-14,
      4.789558574302072e-14,
      1.6029592248411614e-14,
      -1.7583369841205165,
      6.726438803894946e-15,
      3.186580458175164e-15,
      8.4705360218601e-16,
      2.3583246302515458e-14,
      0.8674646174207747,
      0.13983537578232919,
      -6.45980297679525e-14,
      -1.6150752098919334e-15,
      1.3093129142219664e-15,
      -2.977662109662121e-15,
      -5.5506325484600435e-14,
      1.1329575000640282,
      0.00012923778352878237,
      -0.0030356956891661254,
      1.8892354018581584e-16,
      0.014190567652003218,
      -4.9515342066802545e-17,
      -0.008516041716708141,
      -2.9346312933348434e-16,
      -9.256276791280038e-16,
      -0.0034566330579690304,
      0.00510063184785338,
      7.810577332406762e-17,
      -8.7382439463372e-16,
      -0.11432574978018617,
      3.912490894194683e-16,
      1.3257860741722304e-15,
      0.11726063904102577,
      -4.794552855087982e-15,
      -2.0002271201677303e-14,
      -0.05355819593600064,
      -7.683653814449431e-15,
      -1.1411917497713996e-16,
      -1.0838788346317436,
      -0.14573433571705813,
      -1.208647688574249e-14,
      6.965337275125845e-17,
      1.933538026579238e-17,
      -2.906938533679481e-17,
      -4.697958269756141e-17,
      -0.014964180081307779,
      5.088091765975644e-18,
      -3.7201534396370495e-17,
      4.112818927982753e-17,
      -1.4777508559206763e-17,
      -6.603120633039184e-17,
      -0.008067625535942941,
      -2.9300929843012024e-16,
      1.3833786570358444e-16,
      -3.4487758558990845e-15,
      0.16077627397823954,
      -1.4141991454648816e-15,
      3.369397534602336e-17,
      8.876653791763225e-17,
      2.172277528448381e-16,
      1.043142380090166,
      3.932437367927269e-14,
      -7.893067481008644e-15,
      9.568048930513284e-16,
      9.84320603604529e-16,
      1.1168608748591893e-15,
      1.4747827927164869e-15,
      -0.02343311797119844,
      9.547098299839857e-17,
      4.704533517919547e-18,
      3.7335691648472846e-17,
      -0.027853643852474713,
      0.11035467727965818,
      -1.1286128146830134e-14,
      1.0845384069763997e-16,
      -1.0880376902556471e-16,
      0.05116812083679955,
      -1.379064673063557e-15,
      -2.388012979404389e-16,
      -6.526906028449033e-16,
      1.2732578186587346e-15,
      0.027699484467199154,
      0.14351765901855648,
      -6.010654139419597e-14,
      1.139651354037311e-15,
      1.5737772697567455e-15,
      2.8825560534964784e-15,
      8.484399171383232e-14,
      -1.3254920389448333,
      -3.28059580157592e-05,
      0.0013826259017897175,
      -6.173071842425414e-16,
      -0.004373603640936979,
      -6.045658968000154e-17,
      0.00781418392595059,
      -1.6691797251215044e-15,
      1.0971904360624829e-14,
      0.10615122772343928,
      0.010977718050285391,
      -1.9790514951159674e-17,
      8.929515972745287e-16,
      -0.00750386386896559,
      3.497613967067412e-16,
      -8.335305530013946e-16,
      -0.10612063617821575,
      1.0844495579277837e-15,
      6.790976076499838e-14,
      0.21951237442952187,
      -2.3458909750435473e-15,
      1.680940205451748e-15,
      -0.184379849646309,
      1.1565968528587642,
      7.451935342516636e-14,
      6.641599391061308e-16,
      -2.7546129527806997e-19,
      1.1612392693321918e-16,
      1.7302583491437813e-16,
      4.433770235175956e-16,
      1.3526557989954343e-16,
      -1.143628363743626e-16,
      2.272971173815724e-16,
      2.527050183988173e-16,
      6.481654850475303e-17,
      8.297065474541912e-17,
      8.762146244443581e-16,
      1.4817982189853784e-15,
      0.13050257983459912,
      3.657667177013584e-15,
      1.0164958222582518e-15,
      -5.244731805474897e-16,
      2.827806974632182e-16,
      5.529906900986719e-16,
      -3.9655445551265534e-14,
      1.0657695331657924,
      1.592951024501199e-17,
      -1.8632932580451354e-15,
      1.673472973222307e-15,
      -0.00011093183643738085,
      -0.18228685219947996,
      0.30941373436270486,
      0.18712534010744702,
      4.766409686665347e-16,
      0.07477983717600249,
      0.025660013002373385,
      -0.9563284799844981,
      -0.7406847530498208,
      -0.613450804536755,
      -1.6667352442126223e-14,
      0.3750104705507163,
      -0.2786261916686096,
      -2.588562320235729e-16,
      6.8332992738860355e-15,
      0.8469369959610007,
      -0.3708185208739638,
      -0.2953813556722792,
      -0.48724787982713236,
      2.1241347679197146e-15,
      3.422379137967669e-15,
      0.3063735836930853,
      1.2389819348909903,
      -1.084209160872334,
      0.0004379351174459076,
      -0.012408989899171803,
      0.17780920883397952,
      0.03924763805050175,
      2.7259404087414704e-16,
      0.8161865849754614,
      -1.471433045233509,
      0.6171498577304999,
      0.5789504756555954,
      -0.07128238184118145,
      -5.830548400125659e-15,
      0.8257719621608843,
      0.21891106699471805,
      -5.8086933193517144e-15,
      5.064295078604038e-16,
      0.3728667561297948,
      -0.08439479669400056,
      -0.32475570957503175,
      -0.1618889887826772,
      1.035289023398724e-15,
      -2.0833587501412785e-15,
      0.03567493173694883,
      0.18986275213336876,
      -0.28534306297888146,
      -0.00035791802081427656,
      -0.020678711222929656,
      0.031811168505614815,
      -0.0035511498683896857,
      1.0955135986556336e-16,
      0.014310480640583267,
      -0.024250743674532116,
      0.14413712281102123,
      0.0756940733848185,
      -0.2093885322143462,
      -5.212096574290166e-15,
      0.2038017161869821,
      0.5582859422148093,
      -4.917861585166681e-15,
      2.372579813404972e-16,
      -0.0355036690552044,
      -0.6960088828297056,
      -0.5473432584456303,
      -0.5404770646713739,
      -2.2450602882418876e-15,
      8.78062890973652e-16,
      -0.3146933559866499,
      0.49298407960692014,
      -0.49712082703979793,
      -2.4947081216162047e-16,
      9.574851005103464e-17,
      -2.2883417920842695e-17,
      -1.9006305815168873e-16,
      0.026283169760416853,
      -4.1746512571554016e-17,
      -2.042864523439176e-16,
      -4.376229222063482e-16,
      -5.223023781227078e-16,
      -1.7220933120752246e-15,
      0.010318779894678571,
      7.512489045149626e-16,
      6.293369942378046e-15,
      0.6862149663970162,
      -0.7666136447278676,
      6.819676546024587e-15,
      8.00091354446224e-16,
      -7.03825301841481e-17,
      -4.331516635188414e-16,
      0.39881248317077805,
      -0.3700681550226868,
      -4.045551501712892e-15,
      9.908233597876735e-16,
      2.569154511263954e-16,
      0.00043534877234862473,
      0.034972968777332955,
      -0.018250920261556957,
      -0.02558576678475507,
      -5.464889179781132e-17,
      -0.013292897077876013,
      0.023048498042032784,
      -0.07863333655406039,
      -0.30649684633247565,
      0.0874745453908948,
      3.3984508322299497e-15,
      -0.30126827650522015,
      0.32229871143096755,
      -8.517718319697545e-16,
      -1.452619978424393e-15,
      -0.36408491495787365,
      -0.4719384497350495,
      0.7239031423150329,
      0.7455785028267263,
      -3.2833935385352538e-15,
      -2.203817547843157e-15,
      -0.3501942375388237,
      -0.6187661936853865,
      0.6062193829583058,
      -0.00011093183643590354,
      -0.18228685219948265,
      -0.30941373436270003,
      0.18712534010745616,
      -6.5201978099426006e-18,
      0.07477983717600852,
      -0.025660013002384446,
      0.9563284799843671,
      -0.7406847530500176,
      -0.6134508045367132,
      -6.660849529737011e-15,
      -0.3750104705507316,
      -0.27862619166861974,
      -6.444493501888638e-16,
      6.062066264462469e-15,
      0.8469369959610122,
      0.37081852087392286,
      0.29538135567194385,
      -0.48724787982733037,
      2.2084412355420953e-16,
      6.73765810229815e-16,
      0.3063735836930775,
      1.2389819348908642,
      1.0842091608725244,
      0.00043793511744371076,
      -0.012408989899182507,
      -0.1778092088339749,
      0.03924763805051076,
      1.3242443579376802e-16,
      0.8161865849754658,
      1.4714330452334985,
      -0.6171498577303832,
      0.5789504756557181,
      -0.07128238184116802,
      5.134509912913039e-15,
      -0.8257719621608798,
      0.2189110669947431,
      8.092863786894382e-16,
      3.3343158976350148e-15,
      0.3728667561298175,
      0.08439479669399456,
      0.3247557095749254,
      -0.16188898878292068,
      -5.541171160453134e-17,
      7.229986865117087e-16,
      0.03567493173694744,
      0.1898627521333591,
      0.2853430629789168,
      -0.00035791802081508353,
      -0.02067871122293136,
      -0.03181116850561449,
      -0.003551149868388825,
      -7.141750368632591e-17,
      0.01431048064058457,
      0.024250743674525604,
      -0.1441371228109978,
      0.07569407338484395,
      -0.20938853221433518,
      -2.8011174791039697e-15,
      -0.2038017161869709,
      0.5582859422147958,
      -5.121160537243984e-15,
      1.0543153184406807e-15,
      -0.035503669055180334,
      0.6960088828297164,
      0.5473432584452613,
      -0.540477064671754,
      -3.6101014658464325e-15,
      8.453394941913756e-16,
      -0.314693355986657,
      0.49298407960687246,
      0.497120827039876,
      2.888383706934772e-17,
      2.2221020049405607e-16,
      6.74369191268064e-17,
      -2.3943101877860157e-16,
      0.026283169760416832,
      1.9777936498922603e-16,
      2.3691115433452106e-16,
      -6.465565806651775e-16,
      -2.756810352160443e-16,
      1.5088670004203717e-16,
      0.01031877989467685,
      -1.5558958256491772e-15,
      -5.052294764993239e-15,
      -0.6862149663969725,
      -0.7666136447279078,
      3.616258213925677e-15,
      -9.096920185243543e-16,
      2.447437390348133e-16,
      -3.05913064456475e-16,
      0.3988124831707517,
      0.3700681550227152,
      -3.433917048541304e-15,
      -2.983411788200256e-16,
      1.6584648071570937e-15,
      -0.000435348772347404,
      -0.034972968777335176,
      -0.01825092026155702,
      0.025585766784755805,
      8.703923331664081e-18,
      0.013292897077876531,
      0.02304849804202297,
      -0.07863333655399747,
      0.3064968463324857,
      -0.08747454539087993,
      1.73549236335779e-15,
      -0.3012682765052184,
      -0.322298711430945,
      3.08737812753985e-15,
      2.4243648204759483e-15,
      0.36408491495786144,
      -0.4719384497350818,
      0.7239031423145272,
      -0.7455785028272047,
      1.8016549062909345e-15,
      1.807986580904743e-17,
      0.35019423753881723,
      0.6187661936853194,
      0.606219382958411
    ]
  },
  "mo_coeff_molden": {
    "shape": [
      48,
      24
    ],
    "rowmajor": [
      1.0008679796,
      0.0010794704374,
      -0.0029011205432,
      -2.4397378336e-16,
      5.3769576284e-16,
      -0.001287456658,
      4.9634778185e-16,
      -3.5194822867e-16,
      0.00043591733854,
      0.00012923778353,
      6.9653372751e-17,
      1.1168608749e-15,
      -3.2805958016e-05,
      6.6415993911e-16,
      -0.00011093183644,
      0.00043793511745,
      -2.4947081216e-16,
      0.00043534877235,
      -0.00035791802081,
      -0.00011093183644,
      0.00043793511744,
      2.8883837069e-17,
      -0.00043534877235,
      -0.00035791802082,
      0.003469510156,
      -0.45627379789,
      -0.37314802287,
      7.1249310047e-17,
      -1.0414277101e-15,
      0.098295389298,
      -1.0697200157e-16,
      -7.5135960408e-15,
      -0.018971841349,
      -0.0030356956892,
      1.9335380266e-17,
      1.4747827927e-15,
      0.0013826259018,
      -2.7546129528e-19,
      -0.1822868522,
      -0.012408989899,
      9.5748510051e-17,
      0.034972968777,
      -0.020678711223,
      -0.1822868522,
      -0.012408989899,
      2.2221020049e-16,
      -0.034972968777,
      -0.020678711223,
      -9.5975839324e-16,
      -6.0102800873e-15,
      -4.9813101003e-15,
      -3.6203224212e-16,
      0.46806321531,
      -7.4570447805e-15,
      -2.5953002446e-16,
      0.21068070281,
      -5.7415646418e-15,
      1.8892354019e-16,
      -2.9069385337e-17,
      -0.023433117971,
      -6.1730718424e-16,
      1.1612392693e-16,
      0.30941373436,
      0.17780920883,
      -2.2883417921e-17,
      -0.018250920262,
      0.031811168506,
      -0.30941373436,
      -0.17780920883,
      6.7436919127e-17,
      -0.018250920262,
      -0.031811168506,
      0.013172819415,
      -0.12032158147,
      -0.35780025541,
      -1.2365224198e-15,
      -6.0082391707e-15,
      -0.54751193627,
      -7.6042571432e-16,
      -2.2293792668e-15,
      -0.38760278284,
      0.014190567652,
      -4.6979582698e-17,
      9.5470982998e-17,
      -0.0043736036409,
      1.7302583491e-16,
      0.18712534011,
      0.039247638051,
      -1.9006305815e-16,
      -0.025585766785,
      -0.0035511498684,
      0.18712534011,
      0.039247638051,
      -2.3943101878e-16,
      0.025585766785,
      -0.0035511498684,
      2.7750076869e-17,
      -1.961164051e-16,
      -6.6473731382e-16,
      0.61821904584,
      2.7841040347e-16,
      -9.4758701461e-16,
      0.51352000163,
      -1.4898698447e-16,
      -7.5879207907e-16,
      -4.9515342067e-17,
      -0.014964180081,
      4.7045335179e-18,
      -6.045658968e-17,
      4.4337702352e-16,
      4.7664096867e-16,
      2.7259404087e-16,
      0.02628316976,
      -5.4648891798e-17,
      1.0955135987e-16,
      -6.5201978099e-18,
      1.3242443579e-16,
      0.02628316976,
      8.7039233317e-18,
      -7.1417503686e-17,
      0.047267490313,
      -0.083172073439,
      -0.9836470771,
      -1.7979201724e-16,
      -1.3939954953e-15,
      0.19596543365,
      -1.4788778895e-17,
      3.9887969814e-15,
      0.32152060775,
      -0.0085160417167,
      5.088091766e-18,
      3.7335691648e-17,
      0.007814183926,
      1.352655799e-16,
      0.074779837176,
      0.81618658498,
      -4.1746512572e-17,
      -0.013292897078,
      0.014310480641,
      0.074779837176,
      0.81618658498,
      1.9777936499e-16,
      0.013292897078,
      0.014310480641,
      -1.5735991537e-15,
      -3.3602268302e-15,
      1.7036740257e-14,
      1.5168013375e-16,
      0.29343501672,
      2.282819488e-15,
      -1.7267583543e-16,
      0.68790165543,
      -9.9214129873e-15,
      -2.9346312933e-16,
      -3.7201534396e-17,
      -0.027853643852,
      -1.6691797251e-15,
      -1.1436283637e-16,
      0.025660013002,
      -1.4714330452,
      -2.0428645234e-16,
      0.023048498042,
      -0.024250743675,
      -0.025660013002,
      1.4714330452,
      2.3691115433e-16,
      0.023048498042,
      0.024250743675,
      1.0160042483e-14,
      3.0986152905e-14,
      -6.0587604561e-14,
      -1.3126930688e-15,
      0.25164093152,
      -4.3582117445e-14,
      1.7757421555e-15,
      0.52308457804,
      2.5028187821e-14,
      -9.2562767913e-16,
      4.112818928e-17,
      0.11035467728,
      1.0971904361e-14,
      2.2729711738e-16,
      -0.95632847998,
      0.61714985773,
      -4.3762292221e-16,
      -0.078633336554,
      0.14413712281,
      0.95632847998,
      -0.61714985773,
      -6.4655658067e-16,
      -0.078633336554,
      -0.14413712281,
      0.083130627251,
      0.27983137512,
      -0.45453827973,
      -1.0176082048e-15,
      -2.1536922234e-14,
      -0.35847837116,
      1.2475972769e-15,
      -5.8704020411e-14,
      0.11343892571,
      -0.003456633058,
      -1.4777508559e-17,
      -1.1286128147e-14,
      0.10615122772,
      2.527050184e-16,
      -0.74068475305,
      0.57895047566,
      -5.2230237812e-16,
      -0.30649684633,
      0.075694073385,
      -0.74068475305,
      0.57895047566,
      -2.7568103522e-16,
      0.30649684633,
      0.075694073385,
      0.021621806168,
      0.17449614179,
      0.69908508499,
      -1.738496678e-14,
      -1.54077292e-14,
      0.74501506408,
      1.8643378236e-14,
      4.7895585743e-14,
      -1.3234582609,
      0.0051006318479,
      -6.603120633e-17,
      1.084538407e-16,
      0.01097771805,
      6.4816548505e-17,
      -0.61345080454,
      -0.071282381841,
      -1.7220933121e-15,
      0.087474545391,
      -0.20938853221,
      -0.61345080454,
      -0.071282381841,
      1.5088670004e-16,
      -0.087474545391,
      -0.20938853221,
      6.1997384882e-16,
      3.6787925638e-15,
      1.1114370473e-14,
      0.97560586423,
      -6.6428739062e-15,
      1.3320251085e-14,
      -1.0329293662,
      1.6029592248e-14,
      -2.2942922998e-14,
      7.8105773324e-17,
      -0.0080676255359,
      -1.0880376903e-16,
      -1.9790514951e-17,
      8.2970654745e-17,
      -1.6667352442e-14,
      -5.8305484001e-15,
      0.010318779895,
      3.3984508322e-15,
      -5.2120965743e-15,
      -6.6608495297e-15,
      5.1345099129e-15,
      0.010318779895,
      1.7354923634e-15,
      -2.8011174791e-15,
      3.2721522849e-15,
      9.8318195473e-15,
      -7.7148494158e-15,
      8.9925388808e-15,
      0.74587832927,
      2.8218804598e-14,
      -9.1559493366e-15,
      -1.7583369841,
      -3.6098103801e-14,
      -8.7382439463e-16,
      -2.9300929843e-16,
      0.051168120837,
      8.9295159727e-16,
      8.7621462444e-16,
      0.37501047055,
      0.82577196216,
      7.5124890451e-16,
      -0.30126827651,
      0.20380171619,
      -0.37501047055,
      -0.82577196216,
      -1.5558958256e-15,
      -0.30126827651,
      -0.20380171619,
      0.21341217271,
      0.54702548304,
      -0.60075680802,
      5.460079184e-16,
      -1.0034036176e-14,
      0.094775584925,
      -1.064973438e-15,
      6.7264388039e-15,
      -0.62557462887,
      -0.11432574978,
      1.383378657e-16,
      -1.3790646731e-15,
      -0.007503863869,
      1.481798219e-15,
      -0.27862619167,
      0.21891106699,
      6.2933699424e-15,
      0.32229871143,
      0.55828594221,
      -0.27862619167,
      0.21891106699,
      -5.052294765e-15,
      -0.32229871143,
      0.55828594221,
      -3.2548777759e-15,
      -7.7225843019e-15,
      1.1940541582e-14,
      -2.2217149042e-15,
      -1.534024853e-15,
      8.1031250122e-17,
      -1.6909358634e-14,
      3.1865804582e-15,
      1.7684019477e-15,
      3.9124908942e-16,
      -3.4487758559e-15,
      -2.3880129794e-16,
      3.4976139671e-16,
      0.13050257983,
      -2.5885623202e-16,
      -5.8086933194e-15,
      0.6862149664,
      -8.5177183197e-16,
      -4.9178615852e-15,
      -6.4444935019e-16,
      8.0928637869e-16,
      -0.6862149664,
      3.0873781275e-15,
      -5.1211605372e-15,
      4.5311007127e-15,
      9.5145100366e-15,
      -1.9713119954e-14,
      0.038490286957,
      -6.1054644014e-16,
      5.2486685308e-16,
      0.60472177205,
      8.4705360219e-16,
      6.3962592293e-15,
      1.3257860742e-15,
      0.16077627398,
      -6.5269060284e-16,
      -8.33530553e-16,
      3.657667177e-15,
      6.8332992739e-15,
      5.0642950786e-16,
      -0.76661364473,
      -1.4526199784e-15,
      2.3725798134e-16,
      6.0620662645e-15,
      3.3343158976e-15,
      -0.76661364473,
      2.4243648205e-15,
      1.0543153184e-15,
      0.72241318334,
      1.585061219,
      -3.0138573229,
      -5.135537112e-16,
      -3.2579601384e-15,
      0.11213204986,
      -3.4918219594e-15,
      2.3583246303e-14,
      0.98548291789,
      0.11726063904,
      -1.4141991455e-15,
      1.2732578187e-15,
      -0.10612063618,
      1.0164958223e-15,
      0.84693699596,
      0.37286675613,
      6.819676546e-15,
      -0.36408491496,
      -0.035503669055,
      0.84693699596,
      0.37286675613,
      3.6162582139e-15,
      0.36408491496,
      -0.035503669055,
      -5.5924189166e-15,
      -1.0282512163e-14,
      4.1756488469e-14,
      5.4067907021e-16,
      0.0038408877096,
      -6.4341225407e-15,
      -4.2620261238e-16,
      0.86746461742,
      -2.3463782742e-14,
      -4.7945528551e-15,
      3.3693975346e-17,
      0.027699484467,
      1.0844495579e-15,
      -5.2447318055e-16,
      -0.37081852087,
      -0.084394796694,
      8.0009135445e-16,
      -0.47193844974,
      -0.69600888283,
      0.37081852087,
      0.084394796694,
      -9.0969201852e-16,
      -0.47193844974,
      0.69600888283,
      9.1690875618e-14,
