{
  "molecule": "h2o",
  "basis": "CC-PVDZ",
  "cartesian": false,
  "nbf": 24,
  "nao_cart": 25,
  "natom": 3,
  "nalpha": 5,
  "nbeta": 5,
  "nelectron": 10,
  "ndocc": 5,
  "atoms": [
    {
      "symbol": "O",
      "Z": 8,
      "xyz_bohr": [
        0.0,
        0.0,
        0.2225908403176776
      ]
    },
    {
      "symbol": "H",
      "Z": 1,
      "xyz_bohr": [
        0.0,
        1.4275992706554927,
        -0.8903652509968357
      ]
    },
    {
      "symbol": "H",
      "Z": 1,
      "xyz_bohr": [
        0.0,
        -1.4275992706554927,
        -0.8903652509968357
      ]
    }
  ],
  "energies": {
    "E_scf": -76.02676799735477,
    "E_scf_reconstructed": -76.02676799735475,
    "E_nuclear_repulsion": 9.18919322496848,
    "E_kinetic": 75.98680020722209,
    "E_nuclear_electron": -199.12645744145254,
    "E_coulomb_J": 46.89968935783905,
    "E_exchange_K": -8.975993345931826,
    "E_one_electron": -123.13965723423046,
    "E_two_electron": 37.923696011907225
  },
  "orbital_energies_hartree": [
    -20.550757887974335,
    -1.3366733261371986,
    -0.698199270149275,
    -0.5672592688936741,
    -0.4932428418546635,
    0.18537974395747586,
    0.256204500752925,
    0.7875012328136212,
    0.8555045384733638,
    1.163863800618872,
    1.2002762342726694,
    1.2537499942198516,
    1.4410889648553418,
    1.4773874347084872,
    1.6723533828003065,
    1.8665716869435651,
    1.9365137083224633,
    2.4502932392970886,
    2.4895131917852753,
    3.287165857056537,
    3.3367826852414324,
    3.5114195334411473,
    3.862107638042967,
    4.149046190514545
  ],
  "occupations": [
    2.0,
    2.0,
    2.0,
    2.0,
    2.0,
    0.0,
    0.0,
    0.0,
    0.0,
    0.0,
    0.0,
    0.0,
    0.0,
    0.0,
    0.0,
    0.0,
    0.0,
    0.0,
    0.0,
    0.0,
    0.0,
    0.0,
    0.0,
    0.0
  ],
  "dipole_au": [
    1.1098277794103298e-15,
    -1.7319479184152442e-14,
    -0.8116250736549333
  ],
  "overlap_S": {
    "shape": [
      24,
      24
    ],
    "rowmajor": [
      0.9999999999999996,
      -0.21406265175603015,
      0.1943841520528101,
      -1.81456870242022e-17,
      0.0,
      0.0,
      4.874832619222804e-18,
      0.0,
      0.0,
      0.0,
      0.0,
      0.0,
      0.0,
      0.0,
      0.05382953182977233,
      0.06969111795026335,
      0.0681128352243126,
      0.0,
      -0.08736897587186819,
      0.05382953182977233,
      0.06969111795026335,
      0.0681128352243126,
      0.0,
      0.08736897587186819,
      -0.21406265175603015,
      1.0,
      0.7086073285770355,
      -7.970198181192017e-17,
      0.0,
      0.0,
      -3.686679093920086e-18,
      0.0,
      0.0,
      -1.1102230246251565e-16,
      0.0,
      0.0,
      2.220446049250313e-16,
      0.0,
      0.27611187483722616,
      0.32532653030755765,
      0.2481817770544798,
      0.0,
      -0.3183451051465029,
      0.27611187483722616,
      0.32532653030755765,
      0.2481817770544798,
      0.0,
      0.3183451051465029,
      0.1943841520528101,
      0.7086073285770355,
      0.9999999999999999,
      1.3605878801123199e-17,
      0.0,
      0.0,
      0.0,
      0.0,
      0.0,
      0.0,
      0.0,
      0.0,
      0.0,
      0.0,
      0.4967795936393286,
      0.6477990160034307,
      0.24073387471741148,
      0.0,
      -0.3087916106040956,
      0.4967795936393286,
      0.6477990160034307,
      0.24073387471741148,
      0.0,
      0.3087916106040956,
      -1.81456870242022e-17,
      -7.970198181192017e-17,
      1.3605878801123199e-17,
      1.0000000000000007,
      0.0,
      0.0,
      0.5012714832460011,
      0.0,
      0.0,
      6.689091300687669e-17,
      0.0,
      0.0,
      0.0,
      0.0,
      -0.17327781656051625,
      -0.0652781794059678,
      -0.021923889383518157,
      0.0,
      0.2790247432599083,
      -0.17327781656051625,
      -0.0652781794059678,
      -0.021923889383518157,
      0.0,
      -0.2790247432599083,
      0.0,
      0.0,
      0.0,
      0.0,
      1.0000000000000009,
      0.0,
      0.0,
      0.5012714832460013,
      0.0,
      0.0,
      5.792922994629019e-17,
      0.0,
      0.0,
      0.0,
      0.0,
      0.0,
      0.0,
      0.1956037418095094,
      0.0,
      0.0,
      0.0,
      0.0,
      0.1956037418095094,
      0.0,
      0.0,
      0.0,
      0.0,
      0.0,
      0.0,
      1.0000000000000009,
      0.0,
      0.0,
      0.5012714832460013,
      0.0,
      0.0,
      5.792922994629019e-17,
      0.0,
      0.0,
      0.22226508886832985,
      0.08373293613013069,
      0.27902474325990817,
      0.0,
      -0.1623039268588985,
      -0.22226508886832985,
      -0.08373293613013069,
      -0.27902474325990817,
      0.0,
      -0.1623039268588985,
      4.874832619222804e-18,
      -3.686679093920086e-18,
      0.0,
      0.5012714832460011,
      0.0,
      0.0,
      1.0000000000000004,
      0.0,
      0.0,
      0.0,
      0.0,
      0.0,
      0.0,
      0.0,
      -0.38263420645153984,
      -0.2409033760621953,
      0.19776838384589798,
      0.0,
      0.24834310856183395,
      -0.38263420645153984,
      -0.2409033760621953,
      0.19776838384589798,
      0.0,
      -0.24834310856183395,
      0.0,
      0.0,
      0.0,
      0.0,
      0.5012714832460013,
      0.0,
      0.0,
      1.0000000000000009,
      0.0,
      0.0,
      0.0,
      0.0,
      0.0,
      0.0,
      0.0,
      0.0,
      0.0,
      0.3913766190777401,
      0.0,
      0.0,
      0.0,
      0.0,
      0.3913766190777401,
      0.0,
      0.0,
      0.0,
      0.0,
      0.0,
      0.0,
      0.5012714832460013,
      0.0,
      0.0,
      1.000000000000001,
      0.0,
      0.0,
      0.0,
      0.0,
      0.0,
      0.4908085038762736,
      0.30900903157701354,
      0.24834310856183403,
      0.0,
      0.072824572485811,
      -0.4908085038762736,
      -0.30900903157701354,
      -0.24834310856183403,
      0.0,
      0.072824572485811,
      0.0,
      -1.1102230246251565e-16,
      0.0,
      6.689091300687669e-17,
      0.0,
      0.0,
      0.0,
      0.0,
      0.0,
      1.0000000000000004,
      0.0,
      0.0,
      5.551115123125783e-17,
      0.0,
      0.015459928364268016,
      0.001617719081492941,
      -0.2034010682593147,
      0.0,
      -0.17343871585801204,
      0.015459928364268016,
      0.001617719081492941,
      -0.2034010682593147,
      0.0,
      0.17343871585801204,
      0.0,
      0.0,
      0.0,
      0.0,
      5.792922994629019e-17,
      0.0,
      0.0,
      0.0,
      0.0,
      0.0,
      1.0000000000000007,
      0.0,
      0.0,
      0.0,
      0.0,
      0.0,
      0.0,
      -0.19549880015345325,
      0.0,
      0.0,
      0.0,
      0.0,
      -0.19549880015345325,
      0.0,
      0.0,
      0.0,
      0.0,
      0.0,
      0.0,
      5.792922994629019e-17,
      0.0,
      0.0,
      0.0,
      0.0,
      0.0,
      1.0000000000000004,
      0.0,
      0.0,
      -0.1936950101117919,
      -0.02026814785067331,
      -0.029145003598217693,
      0.0,
      0.16354844597496723,
      0.1936950101117919,
      0.02026814785067331,
      0.029145003598217693,
      0.0,
      0.16354844597496723,
      0.0,
      2.220446049250313e-16,
      0.0,
      0.0,
      0.0,
      0.0,
      0.0,
      0.0,
      0.0,
      5.551115123125783e-17,
      0.0,
      0.0,
      1.0000000000000004,
      0.0,
      -0.12422720775920543,
      -0.012999072162399549,
      -0.17952362306421024,
      0.0,
      -0.02049151025738959,
      -0.12422720775920543,
      -0.012999072162399549,
      -0.17952362306421024,
      0.0,
      0.02049151025738959,
      0.0,
      0.0,
      0.0,
      0.0,
      0.0,
      0.0,
      0.0,
      0.0,
      0.0,
      0.0,
      0.0,
      0.0,
      0.0,
      1.0000000000000009,
      0.0,
      0.0,
      0.0,
      0.2507681540099715,
      0.0,
      0.0,
      0.0,
      0.0,
      -0.2507681540099715,
      0.0,
      0.05382953182977233,
      0.27611187483722616,
      0.4967795936393286,
      -0.17327781656051625,
      0.0,
      0.22226508886832985,
      -0.38263420645153984,
      0.0,
      0.4908085038762736,
      0.015459928364268016,
      0.0,
      -0.1936950101117919,
      -0.12422720775920543,
      0.0,
      1.0000000000000002,
      0.6848602514927512,
      1.8640487409939073e-16,
      0.0,
      -3.800420472088525e-18,
      0.12208971165764117,
      0.30857731609878536,
      1.603872051090086e-17,
      0.0,
      0.1610653100965252,
      0.06969111795026335,
      0.32532653030755765,
      0.6477990160034307,
      -0.0652781794059678,
      0.0,
      0.08373293613013069,
      -0.2409033760621953,
      0.0,
      0.30900903157701354,
      0.001617719081492941,
      0.0,
      -0.02026814785067331,
      -0.012999072162399549,
      0.0,
      0.6848602514927512,
      1.0000000000000002,
      0.0,
      0.0,
      -2.225059177060456e-16,
      0.30857731609878536,
      0.6081816462668852,
      0.0,
      0.0,
      0.1754383680956413,
      0.0681128352243126,
      0.2481817770544798,
      0.24073387471741148,
      -0.021923889383518157,
      0.0,
      0.27902474325990817,
      0.19776838384589798,
      0.0,
      0.24834310856183403,
      -0.2034010682593147,
      0.0,
      -0.029145003598217693,
      -0.17952362306421024,
      0.0,
      1.8640487409939073e-16,
      0.0,
      1.0,
      0.0,
      0.0,
      1.5053000161463756e-17,
      0.0,
      0.05164769605959399,
      0.0,
      -2.380465558675363e-17,
      0.0,
      0.0,
      0.0,
      0.0,
      0.1956037418095094,
      0.0,
      0.0,
      0.3913766190777401,
      0.0,
      0.0,
      -0.19549880015345325,
      0.0,
      0.0,
      0.2507681540099715,
      0.0,
      0.0,
      0.0,
      1.0000000000000004,
      0.0,
      0.0,
      0.0,
      0.0,
      0.051647696059594024,
      0.0,
      -0.08736897587186819,
      -0.3183451051465029,
      -0.3087916106040956,
      0.2790247432599083,
      0.0,
      -0.1623039268588985,
      0.24834310856183395,
      0.0,
      0.072824572485811,
      -0.17343871585801204,
      0.0,
      0.16354844597496723,
      -0.02049151025738959,
      0.0,
      -3.800420472088525e-18,
      -2.225059177060456e-16,
      0.0,
      0.0,
      1.0000000000000004,
      -0.1610653100965252,
      -0.1754383680956413,
      2.380465558675363e-17,
      0.0,
      -0.25444854046304977,
      0.05382953182977233,
      0.27611187483722616,
      0.4967795936393286,
      -0.17327781656051625,
      0.0,
      -0.22226508886832985,
      -0.38263420645153984,
      0.0,
      -0.4908085038762736,
      0.015459928364268016,
      0.0,
      0.1936950101117919,
      -0.12422720775920543,
      0.0,
      0.12208971165764117,
      0.30857731609878536,
      1.5053000161463756e-17,
      0.0,
      -0.1610653100965252,
      1.0000000000000002,
      0.6848602514927512,
      1.8640487409939073e-16,
      0.0,
      3.800420472088525e-18,
      0.06969111795026335,
      0.32532653030755765,
      0.6477990160034307,
      -0.0652781794059678,
      0.0,
      -0.08373293613013069,
      -0.2409033760621953,
      0.0,
      -0.30900903157701354,
      0.001617719081492941,
      0.0,
      0.02026814785067331,
      -0.012999072162399549,
      0.0,
      0.30857731609878536,
      0.6081816462668852,
      0.0,
      0.0,
      -0.1754383680956413,
      0.6848602514927512,
      1.0000000000000002,
      0.0,
      0.0,
      2.225059177060456e-16,
      0.0681128352243126,
      0.2481817770544798,
      0.24073387471741148,
      -0.021923889383518157,
      0.0,
      -0.27902474325990817,
      0.19776838384589798,
      0.0,
      -0.24834310856183403,
      -0.2034010682593147,
      0.0,
      0.029145003598217693,
      -0.17952362306421024,
      0.0,
      1.603872051090086e-17,
      0.0,
      0.05164769605959399,
      0.0,
      2.380465558675363e-17,
      1.8640487409939073e-16,
      0.0,
      1.0,
      0.0,
      0.0,
      0.0,
      0.0,
      0.0,
      0.0,
      0.1956037418095094,
      0.0,
      0.0,
      0.3913766190777401,
      0.0,
      0.0,
      -0.19549880015345325,
      0.0,
      0.0,
      -0.2507681540099715,
      0.0,
      0.0,
      0.0,
      0.051647696059594024,
      0.0,
      0.0,
      0.0,
      0.0,
      1.0000000000000004,
      0.0,
      0.08736897587186819,
      0.3183451051465029,
      0.3087916106040956,
      -0.2790247432599083,
      0.0,
      -0.1623039268588985,
      -0.24834310856183395,
      0.0,
      0.072824572485811,
      0.17343871585801204,
      0.0,
      0.16354844597496723,
      0.02049151025738959,
      0.0,
      0.1610653100965252,
      0.1754383680956413,
      -2.380465558675363e-17,
      0.0,
      -0.25444854046304977,
      3.800420472088525e-18,
      2.225059177060456e-16,
      0.0,
      0.0,
      1.0000000000000004
    ]
  },
  "mo_coeff_C_ao_by_mo": {
    "shape": [
      24,
      24
    ],
    "rowmajor": [
      1.000898077376481,
      0.008156905904670988,
      -3.043765220613942e-16,
      0.0021924934876765825,
      9.497755269062039e-17,
      0.05202247606898358,
      -7.2576788195557e-15,
      7.0067450308833134e-15,
      0.06601212428906582,
      0.004255116798935559,
      -1.2733375818628737e-16,
      1.584872567866951e-14,
      0.19799004646039114,
      1.1130566307496565e-15,
      3.5164491386612766e-15,
      0.7256853143427812,
      -7.958643072080819e-14,
      2.222243930877077e-14,
      0.2773262715162885,
      6.898922992010785e-16,
      -1.0991038762905429e-15,
      0.08336961307777727,
      0.1450777389498692,
      1.994346989532855e-14,
      0.0011701561054992338,
      -0.4429259311120757,
      -2.9208187695465294e-15,
      -0.1508294750338284,
      -4.526246307792513e-16,
      -0.07242024830377125,
      -4.895925129866019e-15,
      2.024735579390035e-14,
      0.25722382630653046,
      0.11797505727714737,
      1.0164501789840964e-15,
      4.3931306359735606e-14,
      0.5206762634406544,
      3.1134625128183167e-15,
      7.703090482468837e-15,
      1.5959311003855388,
      -1.7571333596702947e-13,
      5.710841303686045e-14,
      0.7270935607233231,
      1.492584463906564e-15,
      -2.929012289444707e-15,
      0.15357700787097825,
      0.18049642719197453,
      2.6510281009191756e-14,
      -0.002668860386936836,
      -0.3758582981134851,
      -3.669742594570783e-15,
      -0.35073201420280037,
      -2.4451769670681517e-15,
      -1.0012677395530853,
      7.868033012687275e-14,
      -2.0833364062259858e-14,
      -0.3259699462119588,
      0.7450439670597825,
      8.999664199978956e-15,
      -3.6372438145362904e-14,
      -0.48566850727315974,
      -1.716093901044979e-16,
      -1.2046969804729336e-14,
      -3.0382915668813526,
      3.2178695104885107e-13,
      4.3823673254167656e-14,
      0.7922179903759109,
      -3.735366184963657e-15,
      -3.6822213238361724e-17,
      -0.538590095997978,
      -2.2733134225497977,
      -2.9592683271958927e-13,
      -0.0017650731011944446,
      0.07903900448977477,
      -6.521076791104605e-16,
      -0.5449323050400963,
      -2.2728861613204017e-15,
      0.19115290230441506,
      -1.2863067218793882e-14,
      -8.42032834702363e-15,
      -0.3326263845752266,
      0.7522795934377584,
      8.982031270276098e-15,
      5.387971494098791e-14,
      0.1312740559102628,
      7.229735810203859e-16,
      2.532250496934517e-16,
      0.1100833405984197,
      -2.6669633400613525e-15,
      -4.4818534420827497e-14,
      -0.6715303088701247,
      7.757731656416783e-16,
      6.777286463508107e-16,
      0.01481841912300319,
      0.4050329305641662,
      5.193645795702053e-14,
      -2.4883660732236404e-16,
      1.7728908191818134e-16,
      -3.3706810713378027e-16,
      -3.0195506666895356e-15,
      0.6312422993405685,
      -4.050874633067533e-16,
      -2.754251819279105e-16,
      -9.641709461839006e-16,
      -4.433817458789926e-16,
      -1.147335611930351e-14,
      0.9677987791895616,
      4.816647579482867e-15,
      1.3232913176738973e-15,
      -4.159538985788294e-15,
      0.019045108994634102,
      -1.732465233039308e-16,
      -5.970192517996798e-16,
      2.091394384958267e-16,
      2.0928642043502595e-16,
      0.011757753679914926,
      -4.843098367383665e-16,
      -3.2752877219734596e-16,
      4.831905896686591e-16,
      3.029741426471015e-16,
      4.0314682549745123e-16,
      -8.854463842973697e-16,
      0.49011403672767473,
      -2.4847949195476938e-15,
      3.5333483003407473e-16,
      6.8635468304028135e-15,
      0.28353434519922305,
      0.2669184160950859,
      -3.0638677215690804e-14,
      -5.711030494521074e-14,
      -3.3489674217776465e-15,
      0.7356235458575276,
      1.1143797819325193e-15,
      3.401310763345274e-16,
      -8.618970490773188e-16,
      -2.055954541396191e-14,
      0.005032644622203782,
      0.8369017036086287,
      -5.0479595812416166e-14,
      -1.152757298754844e-16,
      -1.7175089799512237e-15,
      -5.980732452837469e-15,
      -5.1099099722580335e-14,
      0.467604696716593,
      0.00048633946502713233,
      -0.013118461471073503,
      4.252980371456533e-16,
      -0.36433136725057713,
      -1.355164513606377e-15,
      0.33811635020692965,
      -3.9231965293738095e-14,
      -9.865274442967302e-15,
      0.014023959267680916,
      -1.2800475620011198,
      -1.4283847973695592e-14,
      -6.400918476028974e-14,
      -0.746049177593815,
      -1.1248982658516958e-14,
      5.171329315880244e-16,
      0.9683131526394512,
      -1.1382466269913813e-13,
      -7.604859896636951e-15,
      -0.17883253760853388,
      3.830645239356763e-15,
      6.148152003879635e-16,
      0.53016112641292,
      0.9309997533816785,
      1.2335838712943323e-13,
      4.91919402606312e-16,
      -1.2612293750009548e-16,
      -9.6201580780157e-17,
      -1.814710951593044e-15,
      0.4955995644800071,
      -2.0869095238472994e-16,
      -3.8687697127811504e-16,
      1.0425887507551524e-15,
      1.1205820185100317e-15,
      1.250087712238383e-14,
      -1.0246500981267732,
      -4.879481044781243e-15,
      -4.383039270733219e-15,
      1.6016973410516554e-14,
      0.6337838547747208,
      -2.379018214712449e-15,
      -3.30957976451452e-16,
      4.801117105197138e-17,
      -5.244682569270436e-16,
      -0.31197338471111036,
      -4.702353181159771e-15,
      3.556134789132542e-15,
      -4.09989697661395e-16,
      -7.719312067633062e-16,
      -8.310246146934801e-16,
      3.534025370374619e-15,
      0.22273777058349578,
      -6.28849219685875e-15,
      2.278057212063362e-16,
      1.99947190452991e-14,
      0.6705159666192569,
      0.46038621399121465,
      3.489264684225193e-14,
      1.2360886310797173e-13,
      8.326435615562524e-15,
      -1.7619888101615453,
      -7.097708522233007e-16,
      -2.721626465974569e-15,
      -6.276299006499085e-16,
      -5.901847506899717e-14,
      -0.8939921570975257,
      0.14737384150439917,
      -2.5792944986977386e-14,
      -1.2045995354236796e-15,
      1.0377786403290348e-15,
      -2.8421765471924048e-15,
      -9.206980415357928e-14,
      1.1410075057265046,
      1.296665136858919e-05,
      -0.001291528597567943,
      5.845700162097696e-18,
      0.01791211428190336,
      2.196934425635106e-17,
      -0.0076457890471413655,
      1.0034192238450952e-15,
      -1.313309395807443e-16,
      -0.0017973752464922196,
      0.012989754821722007,
      2.844397875398058e-16,
      1.560900978631018e-15,
      -0.11721107212849467,
      -1.6737588063505453e-15,
      7.370050864283666e-16,
      0.11333770997795117,
      -1.502511616017429e-14,
      -4.843438990518792e-15,
      -0.05213883161332965,
      -8.319739071212418e-15,
      4.774023999451797e-16,
      -1.0830651355524097,
      -0.1521725328802223,
      -2.227489205305729e-14,
      7.566435706487224e-17,
      2.815070921376174e-17,
      4.4112034267001886e-18,
      -6.126877736517214e-17,
      -0.018236487697836954,
      2.5995675036188537e-17,
      -2.918961379942873e-17,
      -1.220560492504513e-16,
      -2.92541758104801e-17,
      -6.576915090148968e-17,
      -0.0034720464937371444,
      -4.267867602595303e-17,
      -4.508687856635605e-16,
      2.6140511809512765e-15,
      0.16076128562484757,
      -6.386713116253943e-16,
      -4.223004929258628e-16,
      5.36508912928769e-16,
      -1.1070153748216236e-16,
      1.0431180341340256,
      2.3840453752059288e-14,
      -8.389509853900412e-15,
      2.681959206360244e-16,
      5.3114628601884e-16,
      1.364376701254659e-15,
      -4.906345259827892e-16,
      -0.026846508218504584,
      7.167111431339964e-16,
      -1.0157745253358671e-16,
      -5.874197282332759e-16,
      -0.021187726626740924,
      0.11165154278939723,
      -9.474179867718996e-15,
      -5.737277078320005e-15,
      1.5411197842274514e-16,
      0.04467852671066549,
      -2.6074598414716622e-15,
      5.524445169127264e-16,
      9.01029203665796e-17,
      1.2962408957482259e-15,
      -0.02959312790989047,
      0.1378845035389147,
      -1.9440690453478972e-14,
      4.3593523924664874e-16,
      6.641121594996208e-16,
      7.25804045843808e-15,
      1.4437761382365955e-13,
      -1.3262334677658159,
      -0.00013538396941471464,
      0.0029797167596417253,
      5.83433478774805e-16,
      -0.004579999995749117,
      4.041911928189301e-18,
      0.009924285636207252,
      -2.43149789620964e-15,
      3.1592853497616482e-15,
      0.10681740417533729,
      0.007514757036917061,
      -8.425820029137103e-17,
      8.486334585308561e-15,
      -0.005089494512155445,
      -6.842597920106652e-17,
      -7.247241531555867e-16,
      -0.10850564783517319,
      1.7818236668244728e-14,
      7.181005266973588e-15,
      0.21733008284719543,
      -1.5834553493623292e-15,
      3.0738733020753753e-15,
      -0.19080879925456562,
      1.155704092459862,
      1.2537580695339339e-13,
      6.816202875350788e-16,
      1.6120665864856767e-17,
      6.911351666983271e-17,
      3.330566085403769e-17,
      -1.0684000162475081e-16,
      -3.9554080220463016e-18,
      3.8323441860849656e-17,
      7.791782894894268e-17,
      1.2232708413470882e-16,
      3.072414192365222e-16,
      6.078616945543657e-16,
      3.416749378441054e-16,
      -1.6920405159826455e-15,
      0.1314923527747902,
      -4.652053003816378e-15,
      1.4795178969272085e-15,
      9.498191216980557e-17,
      9.268572558701727e-16,
      2.523081475151355e-16,
      -2.366794451996449e-14,
      1.0656478697626461,
      1.053414062139592e-15,
      -2.897580899272088e-15,
      1.0680142248894335e-15,
      -0.00023708149393683484,
      -0.19353762178386602,
      0.3276244458900789,
      0.2070447747925062,
      1.3408655177622182e-15,
      0.0586330846294144,
      -0.026388182238847004,
      -0.9444021926946005,
      -0.7853736684951674,
      -0.5502688548796788,
      -9.831425037112359e-15,
      0.37731110111290117,
      -0.33927123344127513,
      -4.847316534861608e-15,
      3.3380732393496536e-15,
      0.8292664899580475,
      0.3835966371734608,
      -0.29270427151363043,
      -0.47718732868791763,
      2.124963446978193e-15,
      3.2373883091171095e-15,
      0.29641514610260417,
      1.240294775267598,
      -1.0847778031668829,
      0.0004206422859796892,
      -0.010070119818883188,
      0.09021033461523745,
      0.04043526341664355,
      -8.95786781920597e-17,
      0.8287181613730576,
      -1.4452172483119206,
      0.6886359684607122,
      0.5486810310757364,
      -0.11082156070806018,
      -3.25056368465344e-15,
      0.8258214125619985,
      0.2064830767782175,
      2.162005712328033e-15,
      6.083067089761621e-16,
      0.3882178631486095,
      0.09049390045344094,
      -0.3302616621449907,
      -0.15901855253190153,
      1.2563716443179148e-15,
      -1.2456920820329803e-15,
      0.03558588723171824,
      0.19197891593664035,
      -0.2885494838749178,
      -0.00048268600132159503,
      -0.020622997136634458,
      0.03273488988710264,
      -0.007382542410321605,
      4.885566222664568e-17,
      0.01633476171823884,
      -0.01709510561629675,
      0.15174857461170393,
      0.061473149144168154,
      -0.251876998161145,
      -4.126435479078598e-15,
      0.18878328601071628,
      0.5423382194240127,
      9.07938956496773e-15,
      3.2950281242196e-15,
      -0.017190363009002372,
      0.6944484430462694,
      -0.5528535620246054,
      -0.540683732465542,
      -2.194923033935079e-15,
      2.055226679486075e-15,
      -0.3180559752194522,
      0.49137568903667833,
      -0.4971081846091824,
      -2.520569715502181e-16,
      1.197098524432203e-16,
      3.1145586147481755e-17,
      -2.991562494268475e-16,
      0.031082609708873558,
      1.7051384672818116e-16,
      -1.2159313197947245e-16,
      -1.9695186859445732e-16,
      -2.1946700834751936e-16,
      4.728597431259427e-16,
      -0.008835186464718169,
      -1.517980941863096e-15,
      -6.7470443245281556e-15,
      0.6858709711127732,
      -0.7664378422940439,
      4.685128422864192e-15,
      9.88059888191779e-16,
      3.824917304374413e-17,
      3.4948730592788007e-16,
      0.3988408253933763,
      -0.37070531484446245,
      -4.418892507915981e-15,
      8.082942831699621e-16,
      2.8094774502492477e-16,
      0.0005686015231650364,
      0.03719745184589271,
      -0.023161889956319858,
      -0.03184420711289329,
      -1.0786126878591601e-16,
      -0.01744853444059611,
      0.02073537246536973,
      -0.07384005068138803,
      -0.29632077087318104,
      0.08153582217474686,
      1.541104188397364e-15,
      -0.3007800656644189,
      0.3345718674986179,
      4.866339244493862e-15,
      1.589441634109826e-15,
      -0.37035317492992426,
      0.47216067353303537,
      0.7258738815510253,
      0.7412384422301981,
      -3.4456728182892945e-15,
      -1.8194639819148536e-15,
      -0.3468620774482266,
      -0.6208637795021338,
      0.604448246016105,
      -0.00023708149393601697,
      -0.19353762178385917,
      -0.3276244458900752,
      0.2070447747925021,
      1.3070232696415807e-15,
      0.05863308462940322,
      0.02638818223877665,
      0.9444021926945357,
      -0.7853736684952012,
      -0.5502688548796312,
      -4.0795726118165586e-15,
      -0.3773111011129743,
      -0.33927123344128157,
      -7.404142647813499e-15,
      7.53852228839782e-16,
      0.8292664899579623,
      -0.3835966371736441,
      0.29270427151357487,
      -0.47718732868796043,
      1.33711168200421e-15,
      9.327512087786374e-16,
      0.2964151461025915,
      1.240294775267385,
      1.084777803167202,
      0.000420642285976999,
      -0.010070119818877937,
      -0.09021033461523537,
      0.04043526341663741,
      9.971029658829279e-16,
      0.8287181613731681,
      1.44521724831187,
      -0.6886359684606611,
      0.5486810310757956,
      -0.11082156070795787,
      1.524410673950062e-15,
      -0.8258214125619607,
      0.20648307677821998,
      1.8513289392334515e-15,
      2.8347857894595806e-15,
      0.3882178631486586,
      -0.09049390045351945,
      0.3302616621449691,
      -0.15901855253196617,
      -4.538150490133262e-16,
      3.300634472985575e-16,
      0.03558588723171992,
      0.19197891593661992,
      0.2885494838749702,
      -0.0004826860013229483,
      -0.020622997136632428,
      -0.03273488988710301,
      -0.007382542410323353,
      2.295169095620089e-16,
      0.016334761718242132,
      0.01709510561628792,
      -0.15174857461170033,
      0.06147314914420265,
      -0.25187699816110914,
      -3.626026972148272e-15,
      -0.1887832860107424,
      0.5423382194240268,
      7.0593044292707834e-15,
      9.278281970018638e-16,
      -0.017190363009156273,
      -0.6944484430462505,
      0.5528535620245266,
      -0.540683732465621,
      -3.621667654961406e-15,
      1.1354070282249675e-15,
      -0.31805597521945916,
      0.4913756890365934,
      0.4971081846092993,
      8.92491931222089e-17,
      4.031159322573264e-16,
      2.373536372307726e-16,
      -7.585326392198985e-16,
      0.031082609708874217,
      3.5102003611096137e-16,
      7.420354024966672e-16,
      1.5629553713825976e-16,
      -1.2156350730124122e-15,
      -1.418490293663309e-15,
      -0.008835186464725123,
      9.818479802877922e-16,
      1.330054918168145e-14,
      -0.6858709711128002,
      -0.7664378422940231,
      1.7269601457443578e-15,
      1.1716309211340419e-15,
      -6.369683380845096e-16,
      3.088081038376779e-16,
      0.39884082539335886,
      0.3707053148444754,
      -3.865701064597748e-15,
      -1.4521133877858162e-15,
      4.0487466220896955e-16,
      -0.0005686015231642338,
      -0.037197451845893244,
      -0.02316188995631955,
      0.03184420711289358,
      2.8998968687889087e-16,
      0.017448534440598143,
      0.020735372465356255,
      -0.07384005068137538,
      0.29632077087321235,
      -0.08153582217470648,
      9.88618493689268e-16,
      -0.3007800656643769,
      -0.3345718674986236,
      -7.410939895823857e-15,
      -1.1033674397097667e-15,
      0.37035317493003045,
      0.4721606735329633,
      0.7258738815509248,
      -0.741238442230288,
      2.2969302261766582e-15,
      8.756634280115788e-17,
      0.3468620774482155,
      0.6208637795020108,
      0.6044482460162696
    ]
  },
  "mo_coeff_molden": {
    "shape": [
      24,
      24
    ],
    "rowmajor": [
      1.0008980774,
      0.0011701561055,
      -0.0026688603869,
      -2.4883660732e-16,
      4.031468255e-16,
      -0.0017650731012,
      4.9191940261e-16,
      -8.3102461469e-16,
      0.00048633946503,
      1.2966651369e-05,
      7.5664357065e-17,
      1.3643767013e-15,
      -0.00013538396941,
      6.8162028754e-16,
      -0.00023708149394,
      0.00042064228598,
      -2.5205697155e-16,
      0.00056860152317,
      -0.00048268600132,
      -0.00023708149394,
      0.00042064228598,
      8.9249193122e-17,
      -0.00056860152316,
      -0.00048268600132,
      0.0081569059047,
      -0.44292593111,
      -0.37585829811,
      1.7728908192e-16,
      -8.854463843e-16,
      0.07903900449,
      -1.261229375e-16,
      3.5340253704e-15,
      -0.013118461471,
      -0.0012915285976,
      2.8150709214e-17,
      -4.9063452598e-16,
      0.0029797167596,
      1.6120665865e-17,
      -0.19353762178,
      -0.010070119819,
      1.1970985244e-16,
      0.037197451846,
      -0.020622997137,
      -0.19353762178,
      -0.010070119819,
      4.0311593226e-16,
      -0.037197451846,
      -0.020622997137,
      -3.0437652206e-16,
      -2.9208187695e-15,
      -3.6697425946e-15,
      -3.3706810713e-16,
      0.49011403673,
      -6.5210767911e-16,
      -9.620158078e-17,
      0.22273777058,
      4.2529803715e-16,
      5.8457001621e-18,
      4.4112034267e-18,
      -0.026846508219,
      5.8343347877e-16,
      6.911351667e-17,
      0.32762444589,
      0.090210334615,
      3.1145586147e-17,
      -0.023161889956,
      0.032734889887,
      -0.32762444589,
      -0.090210334615,
      2.3735363723e-16,
      -0.023161889956,
      -0.032734889887,
      0.0021924934877,
      -0.15082947503,
      -0.3507320142,
      -3.0195506667e-15,
      -2.4847949195e-15,
      -0.54493230504,
      -1.8147109516e-15,
      -6.2884921969e-15,
      -0.36433136725,
      0.017912114282,
      -6.1268777365e-17,
      7.1671114313e-16,
      -0.0045799999957,
      3.3305660854e-17,
      0.20704477479,
      0.040435263417,
      -2.9915624943e-16,
      -0.031844207113,
      -0.0073825424103,
      0.20704477479,
      0.040435263417,
      -7.5853263922e-16,
      0.031844207113,
      -0.0073825424103,
      9.4977552691e-17,
      -4.5262463078e-16,
      -2.4451769671e-15,
      0.63124229934,
      3.5333483003e-16,
      -2.2728861613e-15,
      0.49559956448,
      2.2780572121e-16,
      -1.3551645136e-15,
      2.1969344256e-17,
      -0.018236487698,
      -1.0157745253e-16,
      4.0419119282e-18,
      -1.0684000162e-16,
      1.3408655178e-15,
      -8.9578678192e-17,
      0.031082609709,
      -1.0786126879e-16,
      4.8855662227e-17,
      1.3070232696e-15,
      9.9710296588e-16,
      0.031082609709,
      2.8998968688e-16,
      2.2951690956e-16,
      0.052022476069,
      -0.072420248304,
      -1.0012677396,
      -4.0508746331e-16,
      6.8635468304e-15,
      0.1911529023,
      -2.0869095238e-16,
      1.9994719045e-14,
      0.33811635021,
      -0.0076457890471,
      2.5995675036e-17,
      -5.8741972823e-16,
      0.0099242856362,
      -3.955408022e-18,
      0.058633084629,
      0.82871816137,
      1.7051384673e-16,
      -0.017448534441,
      0.016334761718,
      0.058633084629,
      0.82871816137,
      3.5102003611e-16,
      0.017448534441,
      0.016334761718,
      -7.2576788196e-15,
      -4.8959251299e-15,
      7.8680330127e-14,
      -2.7542518193e-16,
      0.2835343452,
      -1.2863067219e-14,
      -3.8687697128e-16,
      0.67051596662,
      -3.9231965294e-14,
      1.0034192238e-15,
      -2.9189613799e-17,
      -0.021187726627,
      -2.4314978962e-15,
      3.8323441861e-17,
      -0.026388182239,
      -1.4452172483,
      -1.2159313198e-16,
      0.020735372465,
      -0.017095105616,
      0.026388182239,
      1.4452172483,
      7.420354025e-16,
      0.020735372465,
      0.017095105616,
      7.0067450309e-15,
      2.0247355794e-14,
      -2.0833364062e-14,
      -9.6417094618e-16,
      0.2669184161,
      -8.420328347e-15,
      1.0425887508e-15,
      0.46038621399,
      -9.865274443e-15,
      -1.3133093958e-16,
      -1.2205604925e-16,
      0.11165154279,
      3.1592853498e-15,
      7.7917828949e-17,
      -0.94440219269,
      0.68863596846,
      -1.9695186859e-16,
      -0.073840050681,
      0.15174857461,
      0.94440219269,
      -0.68863596846,
      1.5629553714e-16,
      -0.073840050681,
      -0.15174857461,
      0.066012124289,
      0.25722382631,
      -0.32596994621,
      -4.4338174588e-16,
      -3.0638677216e-14,
      -0.33262638458,
      1.1205820185e-15,
      3.4892646842e-14,
      0.014023959268,
      -0.0017973752465,
      -2.925417581e-17,
      -9.4741798677e-15,
      0.10681740418,
      1.2232708413e-16,
      -0.7853736685,
      0.54868103108,
      -2.1946700835e-16,
      -0.29632077087,
      0.061473149144,
      -0.7853736685,
      0.54868103108,
      -1.215635073e-15,
      0.29632077087,
      0.061473149144,
      0.0042551167989,
      0.11797505728,
      0.74504396706,
      -1.1473356119e-14,
      -5.7110304945e-14,
      0.75227959344,
      1.2500877122e-14,
      1.2360886311e-13,
      -1.280047562,
      0.012989754822,
      -6.5769150901e-17,
      -5.7372770783e-15,
      0.0075147570369,
      3.0724141924e-16,
      -0.55026885488,
      -0.11082156071,
      4.7285974313e-16,
      0.081535822175,
      -0.25187699816,
      -0.55026885488,
      -0.11082156071,
      -1.4184902937e-15,
      -0.081535822175,
      -0.25187699816,
      -1.2733375819e-16,
      1.016450179e-15,
      8.9996642e-15,
      0.96779877919,
      -3.3489674218e-15,
      8.9820312703e-15,
      -1.0246500981,
      8.3264356156e-15,
      -1.4283847974e-14,
      2.8443978754e-16,
      -0.0034720464937,
      1.5411197842e-16,
      -8.4258200291e-17,
      6.0786169455e-16,
      -9.8314250371e-15,
      -3.2505636847e-15,
      -0.0088351864647,
      1.5411041884e-15,
      -4.1264354791e-15,
      -4.0795726118e-15,
      1.524410674e-15,
      -0.0088351864647,
      9.8861849369e-16,
      -3.6260269721e-15,
      1.5848725679e-14,
      4.393130636e-14,
      -3.6372438145e-14,
      4.8166475795e-15,
      0.73562354586,
      5.3879714941e-14,
      -4.8794810448e-15,
      -1.7619888102,
      -6.400918476e-14,
      1.5609009786e-15,
      -4.2678676026e-17,
      0.044678526711,
      8.4863345853e-15,
      3.4167493784e-16,
      0.37731110111,
      0.82582141256,
      -1.5179809419e-15,
      -0.30078006566,
      0.18878328601,
      -0.37731110111,
      -0.82582141256,
      9.8184798029e-16,
      -0.30078006566,
      -0.18878328601,
      0.19799004646,
      0.52067626344,
      -0.48566850727,
      1.3232913177e-15,
      1.1143797819e-15,
      0.13127405591,
      -4.3830392707e-15,
      -7.0977085222e-16,
      -0.74604917759,
      -0.11721107213,
      -4.5086878566e-16,
      -2.6074598415e-15,
      -0.0050894945122,
      -1.692040516e-15,
      -0.33927123344,
      0.20648307678,
      -6.7470443245e-15,
      0.3345718675,
      0.54233821942,
      -0.33927123344,
      0.20648307678,
      1.3300549182e-14,
      -0.3345718675,
      0.54233821942,
      1.1130566307e-15,
      3.1134625128e-15,
      -1.716093901e-16,
      -4.1595389858e-15,
      3.4013107633e-16,
      7.2297358102e-16,
      1.6016973411e-14,
      -2.721626466e-15,
      -1.1248982659e-14,
      -1.6737588064e-15,
      2.614051181e-15,
      5.5244451691e-16,
      -6.8425979201e-17,
      0.13149235277,
      -4.8473165349e-15,
      2.1620057123e-15,
      0.68587097111,
      4.8663392445e-15,
      9.079389565e-15,
      -7.4041426478e-15,
      1.8513289392e-15,
      -0.68587097111,
      -7.4109398958e-15,
      7.0593044293e-15,
      3.5164491387e-15,
      7.7030904825e-15,
      -1.2046969805e-14,
      0.019045108995,
      -8.6189704908e-16,
      2.5322504969e-16,
      0.63378385477,
      -6.2762990065e-16,
      5.1713293159e-16,
      7.3700508643e-16,
      0.16076128562,
      9.0102920367e-17,
      -7.2472415316e-16,
      -4.6520530038e-15,
      3.3380732393e-15,
      6.0830670898e-16,
      -0.76643784229,
      1.5894416341e-15,
      3.2950281242e-15,
      7.5385222884e-16,
      2.8347857895e-15,
      -0.76643784229,
      -1.1033674397e-15,
      9.27828197e-16,
      0.72568531434,
      1.5959311004,
      -3.0382915669,
      -1.732465233e-16,
      -2.0559545414e-14,
      0.1100833406,
      -2.3790182147e-15,
      -5.9018475069e-14,
      0.96831315264,
      0.11333770998,
      -6.3867131163e-16,
      1.2962408957e-15,
      -0.10850564784,
      1.4795178969e-15,
      0.82926648996,
      0.38821786315,
      4.6851284229e-15,
      -0.37035317493,
      -0.017190363009,
      0.82926648996,
      0.38821786315,
      1.7269601457e-15,
      0.37035317493,
      -0.017190363009,
      -7.9586430721e-14,
      -1.7571333597e-13,
      3.2178695105e-13,
      -5.970192518e-16,
      0.0050326446222,
      -2.6669633401e-15,
      -3.3095797645e-16,
      -0.8939921571,
      -1.138246627e-13,
      -1.502511616e-14,
      -4.2230049293e-16,
      -0.02959312791,
      1.7818236668e-14,
      9.498191217e-17,
      0.38359663717,
      0.090493900453,
      9.8805988819e-16,
      0.47216067353,
      0.69444844305,
      -0.38359663717,
      -0.090493900454,
      1.1716309211e-15,
      0.47216067353,
      -0.69444844305,
      2.2222439309e-14,
      5.7108413037e-14,
      4.3823673254e-14,
      2.091394385e-16,
      0.83690170361,
      -4.4818534421e-14,
      4.8011171052e-17,
      0.1473738415,
      -7.6048598966e-15,
      -4.8434389905e-15,
      5.3650891293e-16,
      0.13788450354,
      7.181005267e-15,
      9.2685725587e-16,
      -0.29270427151,
      -0.33026166214,
      3.8249173044e-17,
      0.72587388155,
      -0.55285356202,
      0.29270427151,
      0.33026166214,
      -6.3696833808e-16,
      0.72587388155,
      0.55285356202,
      0.27732627152,
      0.72709356072,
      0.79221799038,
      2.0928642044e-16,
      -5.0479595812e-14,
      -0.67153030887,
      -5.2446825693e-16,
      -2.5792944987e-14,
      -0.17883253761,
      -0.052138831613,
      -1.1070153748e-16,
      -1.9440690453e-14,
      0.21733008285,
      2.5230814752e-16,
      -0.47718732869,
      -0.15901855253,
      3.4948730593e-16,
      0.74123844223,
