{
  "molecule": "h2o",
  "basis": "CC-PVDZ",
  "cartesian": false,
  "charge": -1,
  "multiplicity": 2,
  "pcm_solvent": "Water",
  "is_open_shell": true,
  "nbf": 24,
  "nao_cart": 25,
  "natom": 3,
  "nalpha": 6,
  "nbeta": 5,
  "nelectron": 11,
  "ndocc": 6,
  "atoms": [
    {
      "symbol": "O",
      "Z": 8,
      "xyz_bohr": [
        0.0,
        0.0,
        0.2225908403176776
      ]
    },
    {
      "symbol": "H",
      "Z": 1,
      "xyz_bohr": [
        0.0,
        1.4275992706554927,
        -0.8903652509968357
      ]
    },
    {
      "symbol": "H",
      "Z": 1,
      "xyz_bohr": [
        0.0,
        -1.4275992706554927,
        -0.8903652509968357
      ]
    }
  ],
  "energies": {
    "E_scf": -75.9627659688236,
    "E_scf_reconstructed": -75.9627659688236,
    "E_nuclear_repulsion": 9.18919322496848,
    "E_kinetic": 76.43682790474053,
    "E_nuclear_electron": -202.59568508851743,
    "E_coulomb_J": null,
    "E_exchange_K": null,
    "E_one_electron": -126.1588571837769,
    "E_two_electron": 41.00689798998482
  },
  "orbital_energies_hartree": [
    -20.453725707842796,
    -1.2711240293157071,
    -0.6062368487698025,
    -0.5035484743657855,
    -0.41581436502442337,
    -0.056618494907940534,
    0.2480071538599885,
    0.8644185888611865,
    0.9104823515492478,
    1.2144744400102379,
    1.253461359060725,
    1.3078759921548508,
    1.5151059696010791,
    1.5677645784348362,
    1.756461006842828,
    1.9297955832346245,
    2.025643211547083,
    2.5422769029494687,
    2.572951434419178,
    3.3645964772753523,
    3.419747990277699,
    3.589525700515841,
    3.94379499119079,
    4.228740484341753
  ],
  "occupations": [
    1.0,
    1.0,
    1.0,
    1.0,
    1.0,
    1.0,
    0.0,
    0.0,
    0.0,
    0.0,
    0.0,
    0.0,
    0.0,
    0.0,
    0.0,
    0.0,
    0.0,
    0.0,
    0.0,
    0.0,
    0.0,
    0.0,
    0.0,
    0.0
  ],
  "orbital_energies_beta": [
    -20.441354989281894,
    -1.230709344408533,
    -0.6018780122738077,
    -0.48119994090364704,
    -0.40223204561381226,
    0.2520538637965996,
    0.31781334955740753,
    0.8750703505669745,
    0.9597435427105088,
    1.239145936324993,
    1.2780399381401188,
    1.3252706444709716,
    1.5273450818605068,
    1.5797671889203462,
    1.7664751417078786,
    1.9450904978039456,
    2.03843608878634,
    2.5533623057721924,
    2.601488641051185,
    3.381104124737989,
    3.4241703596605606,
    3.607076370857309,
    3.9503796264164888,
    4.2401342498715895
  ],
  "occupations_beta": [
    1.0,
    1.0,
    1.0,
    1.0,
    1.0,
    0.0,
    0.0,
    0.0,
    0.0,
    0.0,
    0.0,
    0.0,
    0.0,
    0.0,
    0.0,
    0.0,
    0.0,
    0.0,
    0.0,
    0.0,
    0.0,
    0.0,
    0.0,
    0.0
  ],
  "dipole_au": [
    5.388610302632778e-16,
    1.9595436384634013e-14,
    0.27581438280599074
  ],
  "overlap_S": {
    "shape": [
      24,
      24
    ],
    "rowmajor": [
      0.9999999999999996,
      -0.21406265175603015,
      0.1943841520528101,
      -1.81456870242022e-17,
      0.0,
      0.0,
      4.874832619222804e-18,
      0.0,
      0.0,
      0.0,
      0.0,
      0.0,
      0.0,
      0.0,
      0.05382953182977233,
      0.06969111795026335,
      0.0681128352243126,
      0.0,
      -0.08736897587186819,
      0.05382953182977233,
      0.06969111795026335,
      0.0681128352243126,
      0.0,
      0.08736897587186819,
      -0.21406265175603015,
      1.0,
      0.7086073285770355,
      -7.970198181192017e-17,
      0.0,
      0.0,
      -3.686679093920086e-18,
      0.0,
      0.0,
      -1.1102230246251565e-16,
      0.0,
      0.0,
      2.220446049250313e-16,
      0.0,
      0.27611187483722616,
      0.32532653030755765,
      0.2481817770544798,
      0.0,
      -0.3183451051465029,
      0.27611187483722616,
      0.32532653030755765,
      0.2481817770544798,
      0.0,
      0.3183451051465029,
      0.1943841520528101,
      0.7086073285770355,
      0.9999999999999999,
      1.3605878801123199e-17,
      0.0,
      0.0,
      0.0,
      0.0,
      0.0,
      0.0,
      0.0,
      0.0,
      0.0,
      0.0,
      0.4967795936393286,
      0.6477990160034307,
      0.24073387471741148,
      0.0,
      -0.3087916106040956,
      0.4967795936393286,
      0.6477990160034307,
      0.24073387471741148,
      0.0,
      0.3087916106040956,
      -1.81456870242022e-17,
      -7.970198181192017e-17,
      1.3605878801123199e-17,
      1.0000000000000007,
      0.0,
      0.0,
      0.5012714832460011,
      0.0,
      0.0,
      6.689091300687669e-17,
      0.0,
      0.0,
      0.0,
      0.0,
      -0.17327781656051625,
      -0.0652781794059678,
      -0.021923889383518157,
      0.0,
      0.2790247432599083,
      -0.17327781656051625,
      -0.0652781794059678,
      -0.021923889383518157,
      0.0,
      -0.2790247432599083,
      0.0,
      0.0,
      0.0,
      0.0,
      1.0000000000000009,
      0.0,
      0.0,
      0.5012714832460013,
      0.0,
      0.0,
      5.792922994629019e-17,
      0.0,
      0.0,
      0.0,
      0.0,
      0.0,
      0.0,
      0.1956037418095094,
      0.0,
      0.0,
      0.0,
      0.0,
      0.1956037418095094,
      0.0,
      0.0,
      0.0,
      0.0,
      0.0,
      0.0,
      1.0000000000000009,
      0.0,
      0.0,
      0.5012714832460013,
      0.0,
      0.0,
      5.792922994629019e-17,
      0.0,
      0.0,
      0.22226508886832985,
      0.08373293613013069,
      0.27902474325990817,
      0.0,
      -0.1623039268588985,
      -0.22226508886832985,
      -0.08373293613013069,
      -0.27902474325990817,
      0.0,
      -0.1623039268588985,
      4.874832619222804e-18,
      -3.686679093920086e-18,
      0.0,
      0.5012714832460011,
      0.0,
      0.0,
      1.0000000000000004,
      0.0,
      0.0,
      0.0,
      0.0,
      0.0,
      0.0,
      0.0,
      -0.38263420645153984,
      -0.2409033760621953,
      0.19776838384589798,
      0.0,
      0.24834310856183395,
      -0.38263420645153984,
      -0.2409033760621953,
      0.19776838384589798,
      0.0,
      -0.24834310856183395,
      0.0,
      0.0,
      0.0,
      0.0,
      0.5012714832460013,
      0.0,
      0.0,
      1.0000000000000009,
      0.0,
      0.0,
      0.0,
      0.0,
      0.0,
      0.0,
      0.0,
      0.0,
      0.0,
      0.3913766190777401,
      0.0,
      0.0,
      0.0,
      0.0,
      0.3913766190777401,
      0.0,
      0.0,
      0.0,
      0.0,
      0.0,
      0.0,
      0.5012714832460013,
      0.0,
      0.0,
      1.000000000000001,
      0.0,
      0.0,
      0.0,
      0.0,
      0.0,
      0.4908085038762736,
      0.30900903157701354,
      0.24834310856183403,
      0.0,
      0.072824572485811,
      -0.4908085038762736,
      -0.30900903157701354,
      -0.24834310856183403,
      0.0,
      0.072824572485811,
      0.0,
      -1.1102230246251565e-16,
      0.0,
      6.689091300687669e-17,
      0.0,
      0.0,
      0.0,
      0.0,
      0.0,
      1.0000000000000004,
      0.0,
      0.0,
      5.551115123125783e-17,
      0.0,
      0.015459928364268016,
      0.001617719081492941,
      -0.2034010682593147,
      0.0,
      -0.17343871585801204,
      0.015459928364268016,
      0.001617719081492941,
      -0.2034010682593147,
      0.0,
      0.17343871585801204,
      0.0,
      0.0,
      0.0,
      0.0,
      5.792922994629019e-17,
      0.0,
      0.0,
      0.0,
      0.0,
      0.0,
      1.0000000000000007,
      0.0,
      0.0,
      0.0,
      0.0,
      0.0,
      0.0,
      -0.19549880015345325,
      0.0,
      0.0,
      0.0,
      0.0,
      -0.19549880015345325,
      0.0,
      0.0,
      0.0,
      0.0,
      0.0,
      0.0,
      5.792922994629019e-17,
      0.0,
      0.0,
      0.0,
      0.0,
      0.0,
      1.0000000000000004,
      0.0,
      0.0,
      -0.1936950101117919,
      -0.02026814785067331,
      -0.029145003598217693,
      0.0,
      0.16354844597496723,
      0.1936950101117919,
      0.02026814785067331,
      0.029145003598217693,
      0.0,
      0.16354844597496723,
      0.0,
      2.220446049250313e-16,
      0.0,
      0.0,
      0.0,
      0.0,
      0.0,
      0.0,
      0.0,
      5.551115123125783e-17,
      0.0,
      0.0,
      1.0000000000000004,
      0.0,
      -0.12422720775920543,
      -0.012999072162399549,
      -0.17952362306421024,
      0.0,
      -0.02049151025738959,
      -0.12422720775920543,
      -0.012999072162399549,
      -0.17952362306421024,
      0.0,
      0.02049151025738959,
      0.0,
      0.0,
      0.0,
      0.0,
      0.0,
      0.0,
      0.0,
      0.0,
      0.0,
      0.0,
      0.0,
      0.0,
      0.0,
      1.0000000000000009,
      0.0,
      0.0,
      0.0,
      0.2507681540099715,
      0.0,
      0.0,
      0.0,
      0.0,
      -0.2507681540099715,
      0.0,
      0.05382953182977233,
      0.27611187483722616,
      0.4967795936393286,
      -0.17327781656051625,
      0.0,
      0.22226508886832985,
      -0.38263420645153984,
      0.0,
      0.4908085038762736,
      0.015459928364268016,
      0.0,
      -0.1936950101117919,
      -0.12422720775920543,
      0.0,
      1.0000000000000002,
      0.6848602514927512,
      1.8640487409939073e-16,
      0.0,
      -3.800420472088525e-18,
      0.12208971165764117,
      0.30857731609878536,
      1.603872051090086e-17,
      0.0,
      0.1610653100965252,
      0.06969111795026335,
      0.32532653030755765,
      0.6477990160034307,
      -0.0652781794059678,
      0.0,
      0.08373293613013069,
      -0.2409033760621953,
      0.0,
      0.30900903157701354,
      0.001617719081492941,
      0.0,
      -0.02026814785067331,
      -0.012999072162399549,
      0.0,
      0.6848602514927512,
      1.0000000000000002,
      0.0,
      0.0,
      -2.225059177060456e-16,
      0.30857731609878536,
      0.6081816462668852,
      0.0,
      0.0,
      0.1754383680956413,
      0.0681128352243126,
      0.2481817770544798,
      0.24073387471741148,
      -0.021923889383518157,
      0.0,
      0.27902474325990817,
      0.19776838384589798,
      0.0,
      0.24834310856183403,
      -0.2034010682593147,
      0.0,
      -0.029145003598217693,
      -0.17952362306421024,
      0.0,
      1.8640487409939073e-16,
      0.0,
      1.0,
      0.0,
      0.0,
      1.5053000161463756e-17,
      0.0,
      0.05164769605959399,
      0.0,
      -2.380465558675363e-17,
      0.0,
      0.0,
      0.0,
      0.0,
      0.1956037418095094,
      0.0,
      0.0,
      0.3913766190777401,
      0.0,
      0.0,
      -0.19549880015345325,
      0.0,
      0.0,
      0.2507681540099715,
      0.0,
      0.0,
      0.0,
      1.0000000000000004,
      0.0,
      0.0,
      0.0,
      0.0,
      0.051647696059594024,
      0.0,
      -0.08736897587186819,
      -0.3183451051465029,
      -0.3087916106040956,
      0.2790247432599083,
      0.0,
      -0.1623039268588985,
      0.24834310856183395,
      0.0,
      0.072824572485811,
      -0.17343871585801204,
      0.0,
      0.16354844597496723,
      -0.02049151025738959,
      0.0,
      -3.800420472088525e-18,
      -2.225059177060456e-16,
      0.0,
      0.0,
      1.0000000000000004,
      -0.1610653100965252,
      -0.1754383680956413,
      2.380465558675363e-17,
      0.0,
      -0.25444854046304977,
      0.05382953182977233,
      0.27611187483722616,
      0.4967795936393286,
      -0.17327781656051625,
      0.0,
      -0.22226508886832985,
      -0.38263420645153984,
      0.0,
      -0.4908085038762736,
      0.015459928364268016,
      0.0,
      0.1936950101117919,
      -0.12422720775920543,
      0.0,
      0.12208971165764117,
      0.30857731609878536,
      1.5053000161463756e-17,
      0.0,
      -0.1610653100965252,
      1.0000000000000002,
      0.6848602514927512,
      1.8640487409939073e-16,
      0.0,
      3.800420472088525e-18,
      0.06969111795026335,
      0.32532653030755765,
      0.6477990160034307,
      -0.0652781794059678,
      0.0,
      -0.08373293613013069,
      -0.2409033760621953,
      0.0,
      -0.30900903157701354,
      0.001617719081492941,
      0.0,
      0.02026814785067331,
      -0.012999072162399549,
      0.0,
      0.30857731609878536,
      0.6081816462668852,
      0.0,
      0.0,
      -0.1754383680956413,
      0.6848602514927512,
      1.0000000000000002,
      0.0,
      0.0,
      2.225059177060456e-16,
      0.0681128352243126,
      0.2481817770544798,
      0.24073387471741148,
      -0.021923889383518157,
      0.0,
      -0.27902474325990817,
      0.19776838384589798,
      0.0,
      -0.24834310856183403,
      -0.2034010682593147,
      0.0,
      0.029145003598217693,
      -0.17952362306421024,
      0.0,
      1.603872051090086e-17,
      0.0,
      0.05164769605959399,
      0.0,
      2.380465558675363e-17,
      1.8640487409939073e-16,
      0.0,
      1.0,
      0.0,
      0.0,
      0.0,
      0.0,
      0.0,
      0.0,
      0.1956037418095094,
      0.0,
      0.0,
      0.3913766190777401,
      0.0,
      0.0,
      -0.19549880015345325,
      0.0,
      0.0,
      -0.2507681540099715,
      0.0,
      0.0,
      0.0,
      0.051647696059594024,
      0.0,
      0.0,
      0.0,
      0.0,
      1.0000000000000004,
      0.0,
      0.08736897587186819,
      0.3183451051465029,
      0.3087916106040956,
      -0.2790247432599083,
      0.0,
      -0.1623039268588985,
      -0.24834310856183395,
      0.0,
      0.072824572485811,
      0.17343871585801204,
      0.0,
      0.16354844597496723,
      0.02049151025738959,
      0.0,
      0.1610653100965252,
      0.1754383680956413,
      -2.380465558675363e-17,
      0.0,
      -0.25444854046304977,
      3.800420472088525e-18,
      2.225059177060456e-16,
      0.0,
      0.0,
      1.0000000000000004
    ]
  },
  "mo_coeff_C_ao_by_mo": {
    "shape": [
      24,
      24
    ],
    "rowmajor": [
      1.0008682985350141,
      0.003627336110286714,
      -2.0599453788985988e-16,
      0.0129913818798523,
      1.4681229998309236e-16,
      0.04549811544375767,
      2.142754514726456e-15,
      1.78164459613852e-15,
      0.08225772832307932,
      0.02030059306760344,
      -2.181758807294937e-16,
      6.447350042759118e-15,
      0.21301910447468708,
      -1.6898842277719422e-15,
      -9.634865169303093e-16,
      0.7229498542848427,
      6.882006603177313e-15,
      4.7010753538388654e-14,
      0.2696646650587367,
      5.969243102607218e-16,
      -8.427192730495307e-16,
      0.08578319042664773,
      0.14282246500713092,
      1.7189133572161987e-14,
      0.0010820133019828334,
      -0.4559543700715758,
      -6.456546576693704e-16,
      -0.12094869905464185,
      9.725047255108559e-17,
      -0.08696345942089793,
      6.742529967629801e-15,
      7.72811694374629e-15,
      0.27771506456925715,
      0.17166683391847282,
      5.660240645164002e-16,
      1.9085990255363612e-14,
      0.5461032002747263,
      -3.3495657044556032e-15,
      -2.3868976420342666e-15,
      1.586444307877141,
      1.7180166466549992e-14,
      1.2063032058066832e-13,
      0.7064955402662826,
      1.2388785637284404e-15,
      -2.2146157777220293e-15,
      0.15900812056789887,
      0.17622488231269695,
      2.4172595328684367e-14,
      -0.002900971172807766,
      -0.3739452542339683,
      -2.5266982812461933e-15,
      -0.3571285031590087,
      -1.8185284398859795e-15,
      -0.9742646452450628,
      -5.759977005237686e-15,
      9.48794584428677e-15,
      -0.448921014188455,
      0.7054446325789143,
      7.0484005440757585e-15,
      -6.361621308755811e-15,
      -0.5985883800572694,
      9.256825154908168e-15,
      5.879067434409345e-15,
      -3.015101741190599,
      1.0703911529893605e-14,
      9.12225713103188e-14,
      0.8212397025327332,
      -5.698259236612061e-15,
      -9.928032641747147e-16,
      -0.5567895123708738,
      -2.2652928773908214,
      -2.454107908326563e-13,
      -0.0012860745246562647,
      0.09873590778392788,
      4.7305681713409454e-15,
      -0.5472974473124312,
      -8.342166008612843e-16,
      0.19794022994321606,
      -2.3045233971742245e-15,
      -1.7025181711127304e-15,
      -0.3574386364987614,
      0.7455309474228891,
      6.139814204002808e-15,
      3.3700941897302766e-14,
      0.09509970948254666,
      5.967475402543936e-16,
      6.516590660685945e-16,
      0.11219398474194961,
      -1.445598160749604e-14,
      -1.0115057467327715e-13,
      -0.6646673987248747,
      1.7210168844421013e-15,
      1.214844786943669e-16,
      0.01932182256708499,
      0.4062630895635531,
      4.086692115664766e-14,
      -2.485886510066072e-16,
      1.7148366720611094e-16,
      -2.883459724310191e-16,
      -1.3293255428555164e-15,
      0.6172683558966513,
      -5.19283523128093e-16,
      -1.868085409497425e-16,
      -1.737348049881253e-15,
      -6.545132742888061e-16,
      -8.028343872243643e-15,
      0.976176925642977,
      3.887841710604988e-15,
      7.165548930601955e-16,
      5.0989439268397554e-15,
      0.039267938662270366,
      4.586834410907828e-16,
      5.858912656149151e-16,
      2.511183423283005e-16,
      3.047184384839109e-16,
      0.010894680806468408,
      -7.382592667946956e-16,
      -2.865192116390592e-16,
      5.322374506517614e-16,
      3.0237519323751856e-16,
      4.679585160439675e-16,
      -2.6260747730073103e-16,
      0.46913850247409467,
      2.630909857479305e-15,
      2.517039308159987e-16,
      -7.990977524060888e-16,
      0.2963979738633128,
      0.24705172652611052,
      -1.0273833243353182e-14,
      -2.8374775880655005e-14,
      -2.5529275130030553e-15,
      0.7468046947732343,
      -5.646664459451148e-15,
      -3.166249655963388e-16,
      -5.720385881427456e-16,
      -1.6702895120811126e-14,
      0.004170187925229596,
      0.8368786029103309,
      -1.1694381113465675e-13,
      -1.5999478276535842e-15,
      -1.1733132844010583e-15,
      -5.8283472989616214e-15,
      -3.9739007688360946e-14,
      0.47433868678068675,
      0.0004350833397737143,
      -0.018140667328623718,
      4.516269366422278e-15,
      -0.38815648436498573,
      -3.3328476462721036e-16,
      0.3170206256259863,
      4.648065910790376e-15,
      -2.358796497061591e-14,
      0.10978682745663046,
      -1.324641290690463,
      -1.0970985346330788e-14,
      -4.643873678470575e-14,
      -0.6273455915856041,
      -1.276095529891205e-14,
      -4.406718869117031e-15,
      0.9840200421033908,
      -2.794194066347616e-15,
      -1.4641154066113166e-14,
      -0.1875784735673061,
      4.0795489755017455e-15,
      1.0442298344442696e-15,
      0.5376264325128768,
      0.925025754450402,
      1.0233383821524296e-13,
      4.688186308773906e-16,
      -8.801845165549966e-17,
      -1.3330608630346025e-16,
      -6.482581096189535e-16,
      0.5146230279069278,
      -4.555841291381121e-16,
      -3.377430994196023e-16,
      1.7872467772777457e-15,
      1.3330043728684674e-15,
      8.141225509167251e-15,
      -1.0329753670191644,
      -3.9013362639937845e-15,
      -1.987115690449657e-15,
      -4.527334737247822e-15,
      0.6037830819419899,
      4.3972444064569755e-16,
      -2.004563847892875e-16,
      -5.077355641602837e-16,
      -7.235737839240429e-16,
      -0.31322059237117506,
      2.93987705695911e-15,
      3.6072597727204525e-15,
      -5.299725692868414e-16,
      -8.684442053129734e-16,
      -7.588218797244401e-16,
      -1.4872037948681278e-15,
      0.2137114914708662,
      7.285254977336745e-16,
      2.6244703581190027e-16,
      3.8778759196265593e-16,
      0.680685400579372,
      0.5272365746058786,
      -1.163880257836806e-15,
      7.084155091452117e-14,
      6.994534770993939e-15,
      -1.7587150324438123,
      -2.1034563943998657e-15,
      1.4559958290559027e-15,
      1.6259229716327877e-16,
      1.0368249312412766e-14,
      0.8676626664626854,
      0.14105507384164948,
      -4.4865487873315894e-14,
      -6.42169263824509e-16,
      2.5645970367571813e-16,
      -6.2025552367021934e-15,
      -7.647071295672488e-14,
      1.1339337456902863,
      0.0001299393719993042,
      -0.0030396484888794775,
      -6.166402179193306e-16,
      0.014279786770039339,
      -4.8959516603211033e-17,
      -0.008541075179012448,
      -1.6366316570551097e-16,
      -3.572668149311744e-16,
      -0.003326110770250516,
      0.0051157652663804815,
      4.49231988864711e-17,
      -3.973432694854259e-17,
      -0.11448920990740348,
      -1.7545898043986034e-15,
      4.95912272567965e-16,
      0.1172137828300816,
      -6.810698175844091e-16,
      -7.883318868048348e-15,
      -0.054083435149615916,
      -8.318895208639483e-15,
      1.4841200524177598e-15,
      -1.0839076915326262,
      -0.14522646885478022,
      -1.9250680101645877e-14,
      8.621038720365897e-17,
      3.671413394412451e-17,
      8.826924915027262e-17,
      -6.63813427445479e-17,
      -0.015121813902688226,
      3.220531333037027e-17,
      -1.456369320044248e-19,
      -1.0967553811624351e-16,
      2.968569065292344e-17,
      -2.456022932603895e-16,
      -0.008085971820102362,
      1.7171502422467483e-16,
      -4.372768215000973e-16,
      -1.662294360044747e-15,
      0.1608848939165625,
      5.187293562041672e-17,
      3.160808121725953e-16,
      1.34924144904022e-15,
      1.1285963452620956e-15,
      1.0431232177433643,
      -5.074607180045645e-15,
      -8.436459031174333e-15,
      4.1599386203808765e-16,
      6.268799123507682e-16,
      1.2542262213866506e-15,
      1.4019616598906256e-17,
      -0.02360212802252828,
      -2.214802144401453e-16,
      -3.9106513893528886e-17,
      2.2257563526942066e-16,
      -0.02648492273420518,
      0.10998057922534048,
      -3.3512788458134833e-15,
      -6.550279340277882e-15,
      2.067032687429003e-16,
      0.05140648066015903,
      -1.1722380881275267e-15,
      4.479333458330103e-16,
      -8.709263147372175e-17,
      5.137942343986416e-15,
      0.02789448761170041,
      0.1440664569157123,
      -3.113925221825012e-14,
      4.454657199063874e-16,
      1.0152038803660168e-15,
      8.579278246810058e-15,
      1.1293591175654916e-13,
      -1.3254753415246276,
      -3.5017797048471685e-05,
      0.001355478450947786,
      5.026052305399484e-17,
      -0.004411545436448453,
      -2.963419601047609e-19,
      0.007235167735276924,
      5.953149012991003e-16,
      1.0584323500382038e-15,
      0.1061608970981457,
      0.0107740706337202,
      -7.64793288989355e-17,
      2.498812703628793e-15,
      -0.00754519940251562,
      3.5528366342822734e-16,
      -2.1611690288871502e-16,
      -0.10594747109609826,
      -1.220675027471626e-15,
      2.6783254041378385e-14,
      0.22013360979792826,
      -1.997743529899534e-15,
      3.5336672225624472e-15,
      -0.18392268591906347,
      1.156571858184539,
      9.845554655525121e-14,
      6.889942736647933e-16,
      6.830457715450382e-18,
      7.832425323556526e-17,
      9.6793615567509e-18,
      2.059280452940568e-16,
      -1.3591413137566188e-17,
      9.93317616262526e-18,
      3.625335211824562e-17,
      -4.0618090988598224e-17,
      4.227746111278673e-16,
      -3.9518469962108633e-16,
      2.702677057231392e-16,
      -1.4818659608976248e-15,
      0.13060557843590667,
      -9.760674723166993e-16,
      1.9722912374909255e-15,
      -2.503946509665343e-16,
      5.198523500452943e-16,
      1.0148853236877209e-16,
      5.809857328076839e-15,
      1.065756916022288,
      2.157261321348043e-15,
      -3.176841359688212e-15,
      1.2875028813258523e-15,
      -0.00011080212239812523,
      -0.18175293837356526,
      0.3094618809862162,
      0.1862816387531012,
      6.81588573346566e-16,
      0.07387918968937214,
      0.02072538506459382,
      -0.9586786723228059,
      -0.744240526661095,
      -0.6130896715382484,
      -9.397895891317374e-15,
      0.3694195456286247,
      -0.27970533316810564,
      -8.581016746363312e-15,
      -1.128759489127882e-15,
      0.8444955711165959,
      -0.3713794487555739,
      -0.2942033307437237,
      -0.4863002488257012,
      2.8932651366331494e-15,
      3.3373385457753858e-15,
      0.3069180689525768,
      1.2389503796590475,
      -1.0842731415771278,
      0.00043756769371138,
      -0.012286755616527676,
      0.1719709017797464,
      0.03919231980158355,
      3.404793553707063e-16,
      0.8136409134720252,
      -1.463567214198558,
      0.6224340526413278,
      0.5799975964228905,
      -0.07451152658041262,
      -1.3954110821661958e-15,
      0.835637864334957,
      0.21939262883623212,
      5.976484759535523e-16,
      -2.6562844241605568e-15,
      0.3752194299480594,
      -0.08508744925059938,
      -0.32688179216145963,
      -0.16248519718344975,
      1.5528911574522965e-15,
      -9.808756527982141e-16,
      0.03597860098540771,
      0.1906138853308211,
      -0.28653911799177045,
      -0.00035721638621256973,
      -0.020539879517891314,
      0.031361678992309204,
      -0.003793015392292053,
      8.767651282859552e-17,
      0.01292619013958989,
      -0.02144377544525417,
      0.14300625922215746,
      0.07495931655121417,
      -0.20974007719835766,
      -2.2442912288322214e-15,
      0.2039226173396474,
      0.5578646998741402,
      7.543824485923925e-15,
      1.280831235718858e-15,
      -0.035548770322517485,
      -0.6959228886468383,
      -0.5473853256120648,
      -0.5406163410447379,
      -4.697071306544024e-16,
      2.2910184790627447e-15,
      -0.3142924970646436,
      0.4935654293838505,
      -0.49762922626378836,
      -2.4743106640011714e-16,
      1.1884430066766556e-16,
      -1.8114628441693989e-16,
      -1.6788228244998335e-16,
      0.02615098436027588,
      1.1943100873063686e-16,
      9.701732410659371e-17,
      -9.313648664102911e-16,
      -6.005132920293878e-16,
      6.355358799673244e-16,
      0.011038815794219562,
      -1.4991785667609279e-16,
      -7.341712544037852e-15,
      0.6861791986798178,
      -0.7665628012686604,
      2.9632992506463394e-15,
      -1.1327850344521337e-15,
      5.651714555506296e-16,
      8.004347270339513e-16,
      0.39889961333770557,
      -0.37013447119696485,
      -4.882107691992803e-15,
      9.93714910239358e-16,
      2.708060892072387e-16,
      0.0004345219255616529,
      0.03511244976336842,
      -0.01851937915857378,
      -0.025861071153533106,
      -9.098646249340226e-17,
      -0.012029278150282997,
      0.020935820094723914,
      -0.07613607814461719,
      -0.304583573979588,
      0.08781864888337426,
      1.2932634860394885e-15,
      -0.30051346427843867,
      0.3229829877906596,
      5.003401053939431e-15,
      2.565586557090581e-15,
      -0.36374302513734424,
      -0.47201049440219456,
      0.7240501683971253,
      0.7454975238961796,
      -5.082759335179249e-15,
      -1.440133331814658e-15,
      -0.3508962736553041,
      -0.6192126829546535,
      0.6067493977808418,
      -0.00011080212239703785,
      -0.18175293837356798,
      -0.30946188098621635,
      0.1862816387530946,
      7.942745973717702e-16,
      0.07387918968936646,
      -0.020725385064589298,
      0.9586786723227438,
      -0.7442405266611295,
      -0.6130896715382333,
      -3.0988694288932182e-15,
      -0.36941954562866447,
      -0.27970533316811946,
      -7.472303827354205e-15,
      -2.7144505477767352e-15,
      0.8444955711165952,
      0.37137944875555534,
      0.29420333074359395,
      -0.4863002488258023,
      1.83465380858084e-15,
      8.235876815979937e-16,
      0.30691806895256235,
      1.2389503796588832,
      1.0842731415773843,
      0.00043756769370850083,
      -0.01228675561652291,
      -0.17197090177974064,
      0.039192319801585676,
      7.758377633222929e-16,
      0.8136409134720456,
      1.4635672141985534,
      -0.6224340526413036,
      0.5799975964229184,
      -0.07451152658032374,
      1.1855859429922438e-15,
      -0.8356378643349476,
      0.21939262883624275,
      1.2959858699946315e-15,
      7.477805903411689e-16,
      0.3752194299480593,
      0.08508744925059611,
      0.3268817921614226,
      -0.16248519718355675,
      -8.67249208662373e-19,
      6.182515957667895e-16,
      0.03597860098540305,
      0.1906138853307888,
      0.28653911799181775,
      -0.0003572163862139933,
      -0.02053987951789224,
      -0.03136167899230832,
      -0.003793015392292487,
      6.297247716847923e-17,
      0.012926190139589216,
      0.021443775445255647,
      -0.14300625922215993,
      0.07495931655122494,
      -0.20974007719832666,
      -2.035136248612426e-15,
      -0.2039226173396553,
      0.5578646998741343,
      7.915576833064626e-15,
      7.703622940161763e-16,
      -0.03554877032253031,
      0.6959228886468223,
      0.5473853256119066,
      -0.5406163410449222,
      -3.2676922030925703e-15,
      1.49908191644175e-15,
      -0.314292497064652,
      0.4935654293837839,
      0.4976292262638837,
      2.0061602047289684e-16,
      4.0263680083709966e-16,
      2.4636427182233214e-16,
      -4.221314137891519e-16,
      0.02615098436027579,
      7.246236829466758e-16,
      5.575891672933661e-16,
      2.246391775024396e-16,
      -1.0885127698130105e-15,
      -1.7310412703317479e-16,
      0.011038815794227264,
      2.957179519891391e-17,
      1.0158530679471012e-14,
      -0.6861791986798217,
      -0.7665628012686604,
      -5.044884727076366e-15,
      3.010077630800511e-16,
      2.0175129415774097e-16,
      5.526139656311153e-17,
      0.398899613337706,
      0.37013447119695825,
      -3.6211565788818e-15,
      -1.3783462678652086e-15,
      7.479036300183783e-16,
      -0.00043452192556062293,
      -0.0351124497633677,
      -0.01851937915857226,
      0.025861071153532738,
      1.766892840094318e-16,
      0.012029278150282787,
      0.02093582009472855,
      -0.07613607814462053,
      0.3045835739795917,
      -0.08781864888334256,
      5.66977110177638e-16,
      -0.30051346427842823,
      -0.32298298779065493,
      -7.255951213363126e-15,
      -2.0760680439198835e-15,
      0.36374302513733264,
      -0.4720104944022295,
      0.7240501683969105,
      -0.7454975238963694,
      2.4883025975363394e-15,
      -7.18335253401935e-17,
      0.3508962736552937,
      0.6192126829545558,
      0.6067493977809774
    ]
  },
  "mo_coeff_molden": {
    "shape": [
      48,
      24
    ],
    "rowmajor": [
      1.0008682985,
      0.001082013302,
      -0.0029009711728,
      -2.4858865101e-16,
      4.6795851604e-16,
      -0.0012860745247,
      4.6881863088e-16,
      -7.5882187972e-16,
      0.00043508333977,
      0.000129939372,
      8.6210387204e-17,
      1.2542262214e-15,
      -3.5017797048e-05,
      6.8899427366e-16,
      -0.0001108021224,
      0.00043756769371,
      -2.474310664e-16,
      0.00043452192556,
      -0.00035721638621,
      -0.0001108021224,
      0.00043756769371,
      2.0061602047e-16,
      -0.00043452192556,
      -0.00035721638621,
      0.0036273361103,
      -0.45595437007,
      -0.37394525423,
      1.7148366721e-16,
      -2.626074773e-16,
      0.098735907784,
      -8.8018451655e-17,
      -1.4872037949e-15,
      -0.018140667329,
      -0.0030396484889,
      3.6714133944e-17,
      1.4019616599e-17,
      0.0013554784509,
      6.8304577155e-18,
      -0.18175293837,
      -0.012286755617,
      1.1884430067e-16,
      0.035112449763,
      -0.020539879518,
      -0.18175293837,
      -0.012286755617,
      4.0263680084e-16,
      -0.035112449763,
      -0.020539879518,
      -2.0599453789e-16,
      -6.4565465767e-16,
      -2.5266982812e-15,
      -2.8834597243e-16,
      0.46913850247,
      4.7305681713e-15,
      -1.333060863e-16,
      0.21371149147,
      4.5162693664e-15,
      -6.1664021792e-16,
      8.826924915e-17,
      -0.023602128023,
      5.0260523054e-17,
      7.8324253236e-17,
      0.30946188099,
      0.17197090178,
      -1.8114628442e-16,
      -0.018519379159,
      0.031361678992,
      -0.30946188099,
      -0.17197090178,
      2.4636427182e-16,
      -0.018519379159,
      -0.031361678992,
      0.01299138188,
      -0.12094869905,
      -0.35712850316,
      -1.3293255429e-15,
      2.6309098575e-15,
      -0.54729744731,
      -6.4825810962e-16,
      7.2852549773e-16,
      -0.38815648436,
      0.01427978677,
      -6.6381342745e-17,
      -2.2148021444e-16,
      -0.0044115454364,
      9.6793615568e-18,
      0.18628163875,
      0.039192319802,
      -1.6788228245e-16,
      -0.025861071154,
      -0.0037930153923,
      0.18628163875,
      0.039192319802,
      -4.2213141379e-16,
      0.025861071154,
      -0.0037930153923,
      1.4681229998e-16,
      9.7250472551e-17,
      -1.8185284399e-15,
      0.6172683559,
      2.5170393082e-16,
      -8.3421660086e-16,
      0.51462302791,
      2.6244703581e-16,
      -3.3328476463e-16,
      -4.8959516603e-17,
      -0.015121813903,
      -3.9106513894e-17,
      -2.963419601e-19,
      2.0592804529e-16,
      6.8158857335e-16,
      3.4047935537e-16,
      0.02615098436,
      -9.0986462493e-17,
      8.7676512829e-17,
      7.9427459737e-16,
      7.7583776332e-16,
      0.02615098436,
      1.7668928401e-16,
      6.2972477168e-17,
      0.045498115444,
      -0.086963459421,
      -0.97426464525,
      -5.1928352313e-16,
      -7.9909775241e-16,
      0.19794022994,
      -4.5558412914e-16,
      3.8778759196e-16,
      0.31702062563,
      -0.008541075179,
      3.220531333e-17,
      2.2257563527e-16,
      0.0072351677353,
      -1.3591413138e-17,
      0.073879189689,
      0.81364091347,
      1.1943100873e-16,
      -0.01202927815,
      0.01292619014,
      0.073879189689,
      0.81364091347,
      7.2462368295e-16,
      0.01202927815,
      0.01292619014,
      2.1427545147e-15,
      6.7425299676e-15,
      -5.7599770052e-15,
      -1.8680854095e-16,
      0.29639797386,
      -2.3045233972e-15,
      -3.3774309942e-16,
      0.68068540058,
      4.6480659108e-15,
      -1.6366316571e-16,
      -1.45636932e-19,
      -0.026484922734,
      5.953149013e-16,
      9.9331761626e-18,
      0.020725385065,
      -1.4635672142,
      9.7017324107e-17,
      0.020935820095,
      -0.021443775445,
      -0.020725385065,
      1.4635672142,
      5.5758916729e-16,
      0.020935820095,
      0.021443775445,
      1.7816445961e-15,
      7.7281169437e-15,
      9.4879458443e-15,
      -1.7373480499e-15,
      0.24705172653,
      -1.7025181711e-15,
      1.7872467773e-15,
      0.52723657461,
      -2.3587964971e-14,
      -3.5726681493e-16,
      -1.0967553812e-16,
      0.10998057923,
      1.05843235e-15,
      3.6253352118e-17,
      -0.95867867232,
      0.62243405264,
      -9.3136486641e-16,
      -0.076136078145,
      0.14300625922,
      0.95867867232,
      -0.62243405264,
      2.246391775e-16,
      -0.076136078145,
      -0.14300625922,
      0.082257728323,
      0.27771506457,
      -0.44892101419,
      -6.5451327429e-16,
      -1.0273833243e-14,
      -0.3574386365,
      1.3330043729e-15,
      -1.1638802578e-15,
      0.10978682746,
      -0.0033261107703,
      2.9685690653e-17,
      -3.3512788458e-15,
      0.1061608971,
      -4.0618090989e-17,
      -0.74424052666,
      0.57999759642,
      -6.0051329203e-16,
      -0.30458357398,
      0.074959316551,
      -0.74424052666,
      0.57999759642,
      -1.0885127698e-15,
      0.30458357398,
      0.074959316551,
      0.020300593068,
      0.17166683392,
      0.70544463258,
      -8.0283438722e-15,
      -2.8374775881e-14,
      0.74553094742,
      8.1412255092e-15,
      7.0841550915e-14,
      -1.3246412907,
      0.0051157652664,
      -2.4560229326e-16,
      -6.5502793403e-15,
      0.010774070634,
      4.2277461113e-16,
      -0.61308967154,
      -0.07451152658,
      6.3553587997e-16,
      0.087818648883,
      -0.2097400772,
      -0.61308967154,
      -0.07451152658,
      -1.7310412703e-16,
      -0.087818648883,
      -0.2097400772,
      -2.1817588073e-16,
      5.6602406452e-16,
      7.0484005441e-15,
      0.97617692564,
      -2.552927513e-15,
      6.139814204e-15,
      -1.032975367,
      6.994534771e-15,
      -1.0970985346e-14,
      4.4923198886e-17,
      -0.0080859718201,
      2.0670326874e-16,
      -7.6479328899e-17,
      -3.9518469962e-16,
      -9.3978958913e-15,
      -1.3954110822e-15,
      0.011038815794,
      1.293263486e-15,
      -2.2442912288e-15,
      -3.0988694289e-15,
      1.185585943e-15,
      0.011038815794,
      5.6697711018e-16,
      -2.0351362486e-15,
      6.4473500428e-15,
      1.9085990255e-14,
      -6.3616213088e-15,
      3.8878417106e-15,
      0.74680469477,
      3.3700941897e-14,
      -3.901336264e-15,
      -1.7587150324,
      -4.6438736785e-14,
      -3.9734326949e-17,
      1.7171502422e-16,
      0.05140648066,
      2.4988127036e-15,
      2.7026770572e-16,
      0.36941954563,
      0.83563786433,
      -1.4991785668e-16,
      -0.30051346428,
      0.20392261734,
      -0.36941954563,
      -0.83563786433,
      2.9571795199e-17,
      -0.30051346428,
      -0.20392261734,
      0.21301910447,
      0.54610320027,
      -0.59858838006,
      7.1655489306e-16,
      -5.6466644595e-15,
      0.095099709483,
      -1.9871156904e-15,
      -2.1034563944e-15,
      -0.62734559159,
      -0.11448920991,
      -4.372768215e-16,
      -1.1722380881e-15,
      -0.0075451994025,
      -1.4818659609e-15,
      -0.27970533317,
      0.21939262884,
      -7.341712544e-15,
      0.32298298779,
      0.55786469987,
      -0.27970533317,
      0.21939262884,
      1.0158530679e-14,
      -0.32298298779,
      0.55786469987,
      -1.6898842278e-15,
      -3.3495657045e-15,
      9.2568251549e-15,
      5.0989439268e-15,
      -3.166249656e-16,
      5.9674754025e-16,
      -4.5273347372e-15,
      1.4559958291e-15,
      -1.2760955299e-14,
      -1.7545898044e-15,
      -1.66229436e-15,
      4.4793334583e-16,
      3.5528366343e-16,
      0.13060557844,
      -8.5810167464e-15,
      5.9764847595e-16,
      0.68617919868,
      5.0034010539e-15,
      7.5438244859e-15,
      -7.4723038274e-15,
      1.29598587e-15,
      -0.68617919868,
      -7.2559512134e-15,
      7.9155768331e-15,
      -9.6348651693e-16,
      -2.386897642e-15,
      5.8790674344e-15,
      0.039267938662,
      -5.7203858814e-16,
      6.5165906607e-16,
      0.60378308194,
      1.6259229716e-16,
      -4.4067188691e-15,
      4.9591227257e-16,
      0.16088489392,
      -8.7092631474e-17,
      -2.1611690289e-16,
      -9.7606747232e-16,
      -1.1287594891e-15,
      -2.6562844242e-15,
      -0.76656280127,
      2.5655865571e-15,
      1.2808312357e-15,
      -2.7144505478e-15,
      7.4778059034e-16,
      -0.76656280127,
      -2.0760680439e-15,
      7.7036229402e-16,
      0.72294985428,
      1.5864443079,
      -3.0151017412,
      4.5868344109e-16,
      -1.6702895121e-14,
      0.11219398474,
      4.3972444065e-16,
      1.0368249312e-14,
      0.9840200421,
      0.11721378283,
      5.187293562e-17,
      5.137942344e-15,
      -0.1059474711,
      1.9722912375e-15,
      0.84449557112,
      0.37521942995,
      2.9632992506e-15,
      -0.36374302514,
      -0.035548770323,
      0.84449557112,
      0.37521942995,
      -5.0448847271e-15,
      0.36374302514,
      -0.035548770323,
      6.8820066032e-15,
      1.7180166467e-14,
      1.070391153e-14,
      5.8589126561e-16,
      0.0041701879252,
      -1.4455981607e-14,
      -2.0045638479e-16,
      0.86766266646,
      -2.7941940663e-15,
      -6.8106981758e-16,
      3.1608081217e-16,
      0.027894487612,
      -1.2206750275e-15,
      -2.5039465097e-16,
      -0.37137944876,
      -0.085087449251,
      -1.1327850345e-15,
      -0.4720104944,
      -0.69592288865,
      0.37137944876,
      0.085087449251,
      3.0100776308e-16,
      -0.4720104944,
      0.69592288865,
      4.7010753538e-14,
      1.2063032058e-13,
      9.122257131e-14,
